  1   2   1 -0.12352812 0.00247056 
  1   3   1 -0.38647188 0.00772944 
  4   5   1 -1.03229746 0.02064595 
  3   5   1 -0.68110508 0.01362210 
  5   6   1 0.88470418 0.01769408 
  6   7   1 0.35539933 0.00710799 
  8   9   1 -4.40635016 0.08812700 
  8   5   1 3.38474703 0.06769494 
  9  10   1 -4.45254651 0.08905093 
  4  11   1 0.64229746 0.01284595 
  5  11   1 0.77224666 0.01544493 
 11  12   1 0.34294649 0.00685893 
  2  12   1 -0.32450419 0.00649008 
  3  12   1 -0.09786773 0.00195735 
  7  12   1 0.16479831 0.00329597 
 11  13   1 0.35085185 0.00701704 
 12  14   1 0.18314357 0.00366287 
 13  15   1 0.00768146 0.00015363 
 14  15   1 0.04238072 0.00084761 
 12  16   1 0.07507773 0.00150155 
 15  17   1 -1.03856797 0.02077136 
 16  17   1 -0.17510614 0.00350212 
 17  18   1 0.80270185 0.01605404 
 18  19   1 0.19389641 0.00387793 
 19  20   1 -0.10624274 0.00212485 
 15  19   1 0.11525321 0.00230506 
 20  21   1 -0.28666675 0.00573334 
 21  22   1 -0.42837397 0.00856748 
 22  23   1 -0.53255742 0.01065115 
 23  24   1 0.08283696 0.00165674 
 23  25   1 -1.62563028 0.03251261 
 26  25   1 0.90289084 0.01805782 
 25  27   1 1.43524598 0.02870492 
 27  28   1 0.32875764 0.00657515 
 28  29   1 0.15655072 0.00313101 
 30  17   1 2.31186852 0.04623737 
  8  30   1 0.74160326 0.01483207 
 26  30   1 2.23710915 0.04474218 
 17  31   1 0.14765930 0.00295319 
 29  31   1 -0.08415411 0.00168308 
 23  32   1 0.92982000 0.01859640 
 31  32   1 -0.29857240 0.00597145 
 27  32   1 0.12527077 0.00250542 
 15  33   1 0.07306458 0.00146129 
 19  34   1 -0.03591259 0.00071825 
 35  36   1 0.00838766 0.00016775 
 35  37   1 -0.33838765 0.00676775 
 33  37   1 -0.15718533 0.00314371 
 34  36   1 0.30246171 0.00604923 
 34  37   1 -0.94306951 0.01886139 
 38  37   1 2.43371300 0.04867426 
 37  39   1 0.54909031 0.01098181 
 37  40   1 0.44021119 0.00880422 
 30  38   1 0.62351441 0.01247029 
 39  40   1 0.26916822 0.00538336 
 40  41   1 0.15447529 0.00308951 
 40  42   1 -0.11836205 0.00236724 
 41  42   1 -0.21589726 0.00431795 
 43  44   1 -0.16592953 0.00331859 
 34  43   1 0.01413670 0.00028273 
 44  45   1 -0.32769844 0.00655397 
 45  46   1 -0.36327883 0.00726558 
 46  47   1 -0.31111087 0.00622222 
 46  48   1 -0.14760923 0.00295218 
 47  49   1 -0.09535204 0.00190704 
 42  49   1 -0.64870216 0.01297404 
 42  49   2 -0.64870216 0.01297404 
 45  49   1 -0.49700149 0.00994003 
 48  49   1 -0.34897642 0.00697953 
 49  50   1 0.53659967 0.01073199 
 49  51   1 0.66627374 0.01332547 
 51  52   1 0.28558802 0.00571176 
 52  53   1 0.10371363 0.00207427 
 53  54   1 -0.12682785 0.00253656 
 49  54   1 0.37765841 0.00755317 
 49  54   2 0.37744212 0.00754884 
 54  55   1 0.07073444 0.00141469 
 54  56   1 0.18528017 0.00370560 
 55  56   1 -0.21421303 0.00428426 
 56  57   1 -0.22988181 0.00459764 
 50  57   1 0.35875432 0.00717509 
 56  58   1 -0.06666388 0.00133328 
 51  58   1 0.18786287 0.00375726 
 54  59   1 -0.30382375 0.00607647 
 56  59   1 -0.27962976 0.00559260 
 56  59   2 -0.29313183 0.00586264 
 55  59   1 -0.34515572 0.00690311 
 59  60   1 -0.43316719 0.00866334 
 59  61   1 -0.51718667 0.01034373 
 60  61   1 -1.12067097 0.02241342 
 60  62   1 -0.09872196 0.00197444 
 61  62   1 0.25492738 0.00509855 
 63  59   1 1.51771473 0.03035429 
 63  64   1 -1.51771472 0.03035429 
 64  61   1 0.30537358 0.00610747 
 38  65   1 -1.81280302 0.03625606 
 64  65   1 -1.82791286 0.03655826 
 49  66   1 -1.32223682 0.02644474 
 49  66   2 -1.32223682 0.02644474 
 62  66   1 -0.37162525 0.00743250 
 62  67   1 -0.24303153 0.00486063 
 65  66   1 0.08540608 0.00170812 
 66  67   1 0.53160730 0.01063215 
 65  68   1 0.14182035 0.00283641 
 47  69   1 -0.55940081 0.01118802 
 49  69   1 -0.46540113 0.00930802 
 68  69   1 -1.25802471 0.02516049 
 69  70   1 1.08375925 0.02167519 
 24  70   1 -0.06215269 0.00124305 
 70  71   1 0.16652884 0.00333058 
 24  72   1 0.01467178 0.00029344 
 71  72   1 0.10602210 0.00212044 
 71  73   1 0.06012402 0.00120248 
 70  74   1 0.16207571 0.00324151 
 70  75   1 -0.00133231 0.00002665 
 69  75   1 1.10008951 0.02200179 
 74  75   1 -0.51988571 0.01039771 
 76  77   1 -0.61150025 0.01223000 
 69  77   1 0.62209370 0.01244187 
 75  77   1 -0.34608255 0.00692165 
 77  78   1 0.45394703 0.00907894 
 78  79   1 -0.25683810 0.00513676 
 77  80   1 -0.96570906 0.01931418 
 77  80   2 -0.44365335 0.00887307 
 79  80   1 -0.64737241 0.01294745 
 68  81   1 -0.44145478 0.00882910 
 81  80   1 -0.44201954 0.00884039 
 77  82   1 -0.03025466 0.00060509 
 82  83   1 -0.47222364 0.00944447 
 83  84   1 -0.24786038 0.00495721 
 83  85   1 -0.42770862 0.00855417 
 84  85   1 -0.36346101 0.00726922 
 85  86   1 0.17172481 0.00343450 
 86  87   1 -0.03946950 0.00078939 
 85  88   1 -0.50392427 0.01007849 
 85  89   1 -0.71236430 0.01424729 
 88  89   1 -0.98932362 0.01978647 
 89  90   1 0.58218697 0.01164374 
 89  90   2 1.10828443 0.02216569 
 90  91   1 0.01412350 0.00028247 
 89  92   1 2.01541548 0.04030831 
 89  92   2 0.63594706 0.01271894 
 91  92   1 -0.08595983 0.00171920 
 92  93   1 0.57623491 0.01152470 
 92  94   1 0.52170078 0.01043402 
 93  94   1 0.44719896 0.00894398 
 94  95   1 0.40860973 0.00817219 
 80  96   1 0.18966533 0.00379331 
 82  96   1 -0.09944337 0.00198887 
 94  96   1 0.19787885 0.00395758 
 80  97   1 0.26423476 0.00528470 
 80  98   1 0.28949278 0.00578986 
 80  99   1 0.19564158 0.00391283 
 92 100   1 0.31497053 0.00629941 
 94 100   1 0.04280940 0.00085619 
 95  96   1 -0.01376276 0.00027526 
 96  97   1 -0.11095915 0.00221918 
 98 100   1 -0.05256546 0.00105131 
 99 100   1 -0.22648418 0.00452968 
100 101   1 -0.16742606 0.00334852 
 92 102   1 0.44651087 0.00893022 
101 102   1 -0.38979699 0.00779594 
100 103   1 1.21753299 0.02435066 
100 104   1 0.56184660 0.01123693 
103 104   1 0.32452111 0.00649042 
103 105   1 0.43351085 0.00867022 
100 106   1 0.60361178 0.01207224 
104 105   1 0.48584263 0.00971685 
105 106   1 0.08863146 0.00177263 
105 107   1 0.26754711 0.00535094 
105 108   1 0.23965108 0.00479302 
106 107   1 0.23984100 0.00479682 
108 109   1 0.21774578 0.00435492 
103 110   1 0.60598834 0.01211977 
109 110   1 0.13708691 0.00274174 
110 111   1 -0.35702945 0.00714059 
110 112   1 0.69458588 0.01389172 
 17 113   1 0.02056338 0.00041127 
 32 113   1 0.04116133 0.00082323 
 32 114   1 0.09371462 0.00187429 
 27 115   1 0.20723741 0.00414475 
114 115   1 0.01357743 0.00027155 
 68 116   1 1.84125927 0.03682519 
 12 117   1 0.20152550 0.00403051 
 75 118   1 0.40214830 0.00804297 
 76 118   1 -0.06849975 0.00137000 
  2   1   1 0.12450419 0.00249008 
  3   1   1 0.38897282 0.00777946 
  5   4   1 1.03430636 0.02068613 
  5   3   1 0.69348982 0.01386980 
  6   5   1 -0.87539933 0.01750799 
  7   6   1 -0.35479831 0.00709597 
  9   8   1 4.45254654 0.08905093 
  5   8   1 -3.38474703 0.06769494 
 10   9   1 4.50000001 0.09000000 
 11   4   1 -0.63363977 0.01267280 
 11   5   1 -0.76015857 0.01520317 
 12  11   1 -0.34147882 0.00682958 
 12   2   1 0.32732654 0.00654653 
 12   3   1 0.09893208 0.00197864 
 12   7   1 -0.16452659 0.00329053 
 13  11   1 -0.34768146 0.00695363 
 14  12   1 -0.18238071 0.00364761 
 15  13   1 -0.00767028 0.00015341 
 15  14   1 -0.04207952 0.00084159 
 16  12   1 -0.07489385 0.00149788 
 17  15   1 1.05439026 0.02108781 
 17  16   1 0.17655372 0.00353107 
 18  17   1 -0.79389641 0.01587793 
 19  18   1 -0.19309535 0.00386191 
 20  19   1 0.10666676 0.00213334 
 19  15   1 -0.11474932 0.00229499 
 21  20   1 0.28837398 0.00576748 
 22  21   1 0.43255742 0.00865115 
 23  22   1 0.54297334 0.01085947 
 24  23   1 -0.08251912 0.00165038 
 25  23   1 1.66764489 0.03335290 
 25  26   1 -0.90289084 0.01805782 
 27  25   1 -1.37126582 0.02742532 
 28  27   1 -0.32655072 0.00653101 
 29  28   1 -0.15584589 0.00311692 
 17  30   1 -2.31186852 0.04623737 
 30   8   1 -0.73805423 0.01476108 
 30  26   1 -2.19732800 0.04394656 
 31  17   1 -0.14574354 0.00291487 
 31  29   1 0.08431595 0.00168632 
 32  23   1 -0.90200624 0.01804012 
 32  31   1 0.30200020 0.00604000 
 32  27   1 -0.12486988 0.00249740 
 33  15   1 -0.07281464 0.00145629 
 34  19   1 0.03647116 0.00072942 
 36  35   1 -0.00838345 0.00016767 
 37  35   1 0.33987397 0.00679748 
 37  33   1 0.15861135 0.00317223 
 36  34   1 -0.30161655 0.00603233 
 37  34   1 0.94592636 0.01891853 
 37  38   1 -2.43371300 0.04867426 
 39  37   1 -0.53916823 0.01078336 
 40  37   1 -0.42848627 0.00856973 
 38  30   1 -0.62091031 0.01241821 
 40  39   1 -0.26762698 0.00535254 
 41  40   1 -0.15410273 0.00308205 
 42  40   1 0.11929519 0.00238590 
 42  41   1 0.21810916 0.00436218 
 44  43   1 0.16769845 0.00335397 
 43  34   1 -0.01407043 0.00028141 
 45  44   1 0.33028030 0.00660561 
 46  45   1 0.36872011 0.00737440 
 47  46   1 0.31475292 0.00629506 
 48  46   1 0.14897642 0.00297953 
 49  47   1 0.09570485 0.00191410 
 49  42   1 0.68036726 0.01360735 
 49  42   2 0.68036726 0.01360735 
 49  45   1 0.51436677 0.01028734 
 49  48   1 0.35109475 0.00702189 
 50  49   1 -0.52875432 0.01057509 
 51  49   1 -0.64345090 0.01286902 
 52  51   1 -0.28371363 0.00567427 
 53  52   1 -0.10317215 0.00206344 
 54  53   1 0.12735155 0.00254703 
 54  49   1 -0.36575292 0.00731506 
 54  49   2 -0.36378948 0.00727579 
 55  54   1 -0.07063125 0.00141262 
 56  54   1 -0.18517006 0.00370340 
 56  55   1 0.21447733 0.00428955 
 57  56   1 0.23211477 0.00464230 
 57  50   1 -0.35211477 0.00704230 
 58  56   1 0.06685668 0.00133713 
 58  51   1 -0.18685668 0.00373713 
 59  54   1 0.30904076 0.00618082 
 59  56   1 0.28674052 0.00573481 
 59  56   2 0.30073215 0.00601464 
 59  55   1 0.35155516 0.00703110 
 60  59   1 0.43939293 0.00878786 
 61  59   1 0.52639095 0.01052782 
 61  60   1 1.12405524 0.02248110 
 62  60   1 0.09889442 0.00197789 
 62  61   1 -0.25423765 0.00508475 
 59  63   1 -1.51771473 0.03035429 
 64  63   1 1.52253928 0.03045079 
 61  64   1 -0.30537358 0.00610747 
 65  38   1 1.84492940 0.03689859 
 65  64   1 1.83784371 0.03675687 
 66  49   1 1.35224430 0.02704489 
 66  49   2 1.35224430 0.02704489 
 66  62   1 0.37931019 0.00758620 
 67  62   1 0.24499058 0.00489981 
 66  65   1 -0.08540608 0.00170812 
 67  66   1 -0.52499058 0.01049981 
 68  65   1 -0.14177978 0.00283560 
 69  47   1 0.58684381 0.01173688 
 69  49   1 0.48781666 0.00975633 
 69  68   1 1.25802471 0.02516049 
 70  69   1 -1.04943448 0.02098869 
 70  24   1 0.06216230 0.00124325 
 71  70   1 -0.16614611 0.00332292 
 72  24   1 -0.01449952 0.00028999 
 72  71   1 -0.10550045 0.00211001 
 73  71   1 -0.06000000 0.00120000 
 74  70   1 -0.16011428 0.00320229 
 75  70   1 0.00193569 0.00003871 
 75  69   1 -1.05155324 0.02103106 
 75  74   1 0.52355184 0.01047104 
 77  76   1 0.63205051 0.01264101 
 77  69   1 -0.61049103 0.01220982 
 77  75   1 0.35411060 0.00708221 
 78  77   1 -0.45316190 0.00906324 
 79  78   1 0.25737241 0.00514745 
 80  77   1 0.98343547 0.01966871 
 80  77   2 0.45046371 0.00900927 
 80  79   1 0.65504683 0.01310094 
 81  68   1 0.44201956 0.00884039 
 80  81   1 0.44201954 0.00884039 
 82  77   1 0.03166699 0.00063334 
 83  82   1 0.47556903 0.00951138 
 84  83   1 0.25346102 0.00506922 
 85  83   1 0.43665720 0.00873314 
 85  84   1 0.36790657 0.00735813 
 86  85   1 -0.17053050 0.00341061 
 87  86   1 0.04000000 0.00080000 
 88  85   1 0.50932362 0.01018647 
 89  85   1 0.72488641 0.01449773 
 89  88   1 1.00327965 0.02006559 
 90  89   1 -0.56478234 0.01129565 
 90  89   2 -1.07934116 0.02158682 
 91  90   1 -0.01404017 0.00028080 
 92  89   1 -1.97560138 0.03951203 
 92  89   2 -0.62017631 0.01240353 
 92  91   1 0.08636060 0.00172721 
 93  92   1 -0.56719895 0.01134398 
 94  92   1 -0.50748518 0.01014970 
 94  93   1 -0.44181277 0.00883626 
 95  94   1 -0.40623724 0.00812474 
 96  80   1 -0.18662661 0.00373253 
 96  82   1 0.09963266 0.00199265 
 96  94   1 -0.19659623 0.00393192 
 97  80   1 -0.26180840 0.00523617 
 98  80   1 -0.28743454 0.00574869 
 99  80   1 -0.19351582 0.00387032 
100  92   1 -0.30707466 0.00614149 
100  94   1 -0.03866343 0.00077327 
 96  95   1 0.01454933 0.00029099 
 97  96   1 0.11180839 0.00223617 
100  98   1 0.05276198 0.00105524 
100  99   1 0.22741082 0.00454822 
101 100   1 0.16979699 0.00339594 
102  92   1 -0.44393493 0.00887870 
102 101   1 0.39393493 0.00787870 
103 100   1 -1.19402031 0.02388041 
104 100   1 -0.54729358 0.01094587 
104 103   1 -0.31854905 0.00637098 
105 103   1 -0.42248565 0.00844971 
106 100   1 -0.58135873 0.01162717 
105 104   1 -0.48334401 0.00966688 
106 105   1 -0.08848227 0.00176965 
107 105   1 -0.26347292 0.00526946 
108 105   1 -0.23774578 0.00475492 
107 106   1 -0.23652708 0.00473054 
109 108   1 -0.21708691 0.00434174 
110 103   1 -0.59148888 0.01182978 
110 109   1 -0.13606755 0.00272135 
111 110   1 0.36000000 0.00720000 
112 110   1 -0.68000000 0.01360000 
113  17   1 -0.02052311 0.00041046 
113  32   1 -0.03947688 0.00078954 
114  32   1 -0.09357743 0.00187155 
115  27   1 -0.20642306 0.00412846 
115 114   1 -0.01357694 0.00027154 
116  68   1 -1.83999999 0.03680000 
117  12   1 -0.20000000 0.00400000 
118  75   1 -0.39873863 0.00797477 
118  76   1 0.06873864 0.00137477 
