1	2	1	0.0303	0.0999	0.0254	100	1	0	0	0	0	0	0	1
1	3	1	0.0129	0.0424	0.01082	100	1	0	0	0	0	0	0	2
4	5	1	0.00176	0.00798	0.0021	100	1	0	0	0	0	0	0	3
3	5	1	0.0241	0.108	0.0284	100	1	0	0	0	0	0	0	4
5	6	1	0.0119	0.054	0.01426	100	1	0	0	0	0	0	0	5
6	7	1	0.00459	0.0208	0.0055	100	1	0	0	0	0	0	0	6
8	9	1	0.00244	0.0305	1.162	100	1	0	0	0	0	0	0	7
8	5	1	0	0.0267	0	100	0.985	0	0	0	0	0	0	8
9	10	1	0.00258	0.0322	1.23	100	1	0	0	0	0	0	0	9
4	11	1	0.0209	0.0688	0.01748	100	1	0	0	0	0	0	0	10
5	11	1	0.0203	0.0682	0.01738	100	1	0	0	0	0	0	0	11
11	12	1	0.00595	0.0196	0.00502	100	1	0	0	0	0	0	0	12
2	12	1	0.0187	0.0616	0.01572	100	1	0	0	0	0	0	0	13
3	12	1	0.0484	0.16	0.0406	100	1	0	0	0	0	0	0	14
7	12	1	0.00862	0.034	0.00874	100	1	0	0	0	0	0	0	15
11	13	1	0.02225	0.0731	0.01876	100	1	0	0	0	0	0	0	16
12	14	1	0.0215	0.0707	0.01816	100	1	0	0	0	0	0	0	17
13	15	1	0.0744	0.2444	0.06268	100	1	0	0	0	0	0	0	18
14	15	1	0.0595	0.195	0.0502	100	1	0	0	0	0	0	0	19
12	16	1	0.0212	0.0834	0.0214	100	1	0	0	0	0	0	0	20
15	17	1	0.0132	0.0437	0.0444	100	1	0	0	0	0	0	0	21
16	17	1	0.0454	0.1801	0.0466	100	1	0	0	0	0	0	0	22
17	18	1	0.0123	0.0505	0.01298	100	1	0	0	0	0	0	0	23
18	19	1	0.01119	0.0493	0.01142	100	1	0	0	0	0	0	0	24
19	20	1	0.0252	0.117	0.0298	100	1	0	0	0	0	0	0	25
15	19	1	0.012	0.0394	0.0101	100	1	0	0	0	0	0	0	26
20	21	1	0.0183	0.0849	0.0216	100	1	0	0	0	0	0	0	27
21	22	1	0.0209	0.097	0.0246	100	1	0	0	0	0	0	0	28
22	23	1	0.0342	0.159	0.0404	100	1	0	0	0	0	0	0	29
23	24	1	0.0135	0.0492	0.0498	100	1	0	0	0	0	0	0	30
23	25	1	0.0156	0.08	0.0864	100	1	0	0	0	0	0	0	31
26	25	1	0	0.0382	0	100	0.96	0	0	0	0	0	0	32
25	27	1	0.0318	0.163	0.1764	100	1	0	0	0	0	0	0	33
27	28	1	0.01913	0.0855	0.0216	100	1	0	0	0	0	0	0	34
28	29	1	0.0237	0.0943	0.0238	100	1	0	0	0	0	0	0	35
30	17	1	0	0.0388	0	100	0.96	0	0	0	0	0	0	36
8	30	1	0.00431	0.0504	0.514	100	1	0	0	0	0	0	0	37
26	30	1	0.00799	0.086	0.908	100	1	0	0	0	0	0	0	38
17	31	1	0.0474	0.1563	0.0399	100	1	0	0	0	0	0	0	39
29	31	1	0.0108	0.0331	0.0083	100	1	0	0	0	0	0	0	40
23	32	1	0.0317	0.1153	0.1173	100	1	0	0	0	0	0	0	41
31	32	1	0.0298	0.0985	0.0251	100	1	0	0	0	0	0	0	42
27	32	1	0.0229	0.0755	0.01926	100	1	0	0	0	0	0	0	43
15	33	1	0.038	0.1244	0.03194	100	1	0	0	0	0	0	0	44
19	34	1	0.0752	0.247	0.0632	100	1	0	0	0	0	0	0	45
35	36	1	0.00224	0.0102	0.00268	100	1	0	0	0	0	0	0	46
35	37	1	0.011	0.0497	0.01318	100	1	0	0	0	0	0	0	47
33	37	1	0.0415	0.142	0.0366	100	1	0	0	0	0	0	0	48
34	36	1	0.00871	0.0268	0.00568	100	1	0	0	0	0	0	0	49
34	37	1	0.00256	0.0094	0.00984	100	1	0	0	0	0	0	0	50
38	37	1	0	0.0375	0	100	0.935	0	0	0	0	0	0	51
37	39	1	0.0321	0.106	0.027	100	1	0	0	0	0	0	0	52
37	40	1	0.0593	0.168	0.042	100	1	0	0	0	0	0	0	53
30	38	1	0.00464	0.054	0.422	100	1	0	0	0	0	0	0	54
39	40	1	0.0184	0.0605	0.01552	100	1	0	0	0	0	0	0	55
40	41	1	0.0145	0.0487	0.01222	100	1	0	0	0	0	0	0	56
40	42	1	0.0555	0.183	0.0466	100	1	0	0	0	0	0	0	57
41	42	1	0.041	0.135	0.0344	100	1	0	0	0	0	0	0	58
43	44	1	0.0608	0.2454	0.06068	100	1	0	0	0	0	0	0	59
34	43	1	0.0413	0.1681	0.04226	100	1	0	0	0	0	0	0	60
44	45	1	0.0224	0.0901	0.0224	100	1	0	0	0	0	0	0	61
45	46	1	0.04	0.1356	0.0332	100	1	0	0	0	0	0	0	62
46	47	1	0.038	0.127	0.0316	100	1	0	0	0	0	0	0	63
46	48	1	0.0601	0.189	0.0472	100	1	0	0	0	0	0	0	64
47	49	1	0.0191	0.0625	0.01604	100	1	0	0	0	0	0	0	65
42	49	1	0.0715	0.323	0.086	100	1	0	0	0	0	0	0	66
42	49	2	0.0715	0.323	0.086	100	1	0	0	0	0	0	0	67
45	49	1	0.0684	0.186	0.0444	100	1	0	0	0	0	0	0	68
48	49	1	0.0179	0.0505	0.01258	100	1	0	0	0	0	0	0	69
49	50	1	0.0267	0.0752	0.01874	100	1	0	0	0	0	0	0	70
49	51	1	0.0486	0.137	0.0342	100	1	0	0	0	0	0	0	71
51	52	1	0.0203	0.0588	0.01396	100	1	0	0	0	0	0	0	72
52	53	1	0.0405	0.1635	0.04058	100	1	0	0	0	0	0	0	73
53	54	1	0.0263	0.122	0.031	100	1	0	0	0	0	0	0	74
49	54	1	0.073	0.289	0.0738	100	1	0	0	0	0	0	0	75
49	54	2	0.0869	0.291	0.073	100	1	0	0	0	0	0	0	76
54	55	1	0.0169	0.0707	0.0202	100	1	0	0	0	0	0	0	77
54	56	1	0.00275	0.00955	0.00732	100	1	0	0	0	0	0	0	78
55	56	1	0.00488	0.0151	0.00374	100	1	0	0	0	0	0	0	79
56	57	1	0.0343	0.0966	0.0242	100	1	0	0	0	0	0	0	80
50	57	1	0.0474	0.134	0.0332	100	1	0	0	0	0	0	0	81
56	58	1	0.0343	0.0966	0.0242	100	1	0	0	0	0	0	0	82
51	58	1	0.0255	0.0719	0.01788	100	1	0	0	0	0	0	0	83
54	59	1	0.0503	0.2293	0.0598	100	1	0	0	0	0	0	0	84
56	59	1	0.0825	0.251	0.0569	100	1	0	0	0	0	0	0	85
56	59	2	0.0803	0.239	0.0536	100	1	0	0	0	0	0	0	86
55	59	1	0.04739	0.2158	0.05646	100	1	0	0	0	0	0	0	87
59	60	1	0.0317	0.145	0.0376	100	1	0	0	0	0	0	0	88
59	61	1	0.0328	0.15	0.0388	100	1	0	0	0	0	0	0	89
60	61	1	0.00264	0.0135	0.01456	100	1	0	0	0	0	0	0	90
60	62	1	0.0123	0.0561	0.01468	100	1	0	0	0	0	0	0	91
61	62	1	0.00824	0.0376	0.0098	100	1	0	0	0	0	0	0	92
63	59	1	0	0.0386	0	100	0.96	0	0	0	0	0	0	93
63	64	1	0.00172	0.02	0.216	100	1	0	0	0	0	0	0	94
64	61	1	0	0.0268	0	100	0.985	0	0	0	0	0	0	95
38	65	1	0.00901	0.0986	1.046	100	1	0	0	0	0	0	0	96
64	65	1	0.00269	0.0302	0.38	100	1	0	0	0	0	0	0	97
49	66	1	0.018	0.0919	0.0248	100	1	0	0	0	0	0	0	98
49	66	2	0.018	0.0919	0.0248	100	1	0	0	0	0	0	0	99
62	66	1	0.0482	0.218	0.0578	100	1	0	0	0	0	0	0	100
62	67	1	0.0258	0.117	0.031	100	1	0	0	0	0	0	0	101
65	66	1	0	0.037	0	100	0.935	0	0	0	0	0	0	102
66	67	1	0.0224	0.1015	0.02682	100	1	0	0	0	0	0	0	103
65	68	1	0.00138	0.016	0.638	100	1	0	0	0	0	0	0	104
47	69	1	0.0844	0.2778	0.07092	100	1	0	0	0	0	0	0	105
49	69	1	0.0985	0.324	0.0828	100	1	0	0	0	0	0	0	106
68	69	1	0	0.037	0	100	0.935	0	0	0	0	0	0	107
69	70	1	0.03	0.127	0.122	100	1	0	0	0	0	0	0	108
24	70	1	0.00221	0.4115	0.10198	100	1	0	0	0	0	0	0	109
70	71	1	0.00882	0.0355	0.00878	100	1	0	0	0	0	0	0	110
24	72	1	0.0488	0.196	0.0488	100	1	0	0	0	0	0	0	111
71	72	1	0.0446	0.18	0.04444	100	1	0	0	0	0	0	0	112
71	73	1	0.00866	0.0454	0.01178	100	1	0	0	0	0	0	0	113
70	74	1	0.0401	0.1323	0.03368	100	1	0	0	0	0	0	0	114
70	75	1	0.0428	0.141	0.036	100	1	0	0	0	0	0	0	115
69	75	1	0.0405	0.122	0.124	100	1	0	0	0	0	0	0	116
74	75	1	0.0123	0.0406	0.01034	100	1	0	0	0	0	0	0	117
76	77	1	0.0444	0.148	0.0368	100	1	0	0	0	0	0	0	118
69	77	1	0.0309	0.101	0.1038	100	1	0	0	0	0	0	0	119
75	77	1	0.0601	0.1999	0.04978	100	1	0	0	0	0	0	0	120
77	78	1	0.00376	0.0124	0.01264	100	1	0	0	0	0	0	0	121
78	79	1	0.00546	0.0244	0.00648	100	1	0	0	0	0	0	0	122
77	80	1	0.017	0.0485	0.0472	100	1	0	0	0	0	0	0	123
77	80	2	0.0294	0.105	0.0228	100	1	0	0	0	0	0	0	124
79	80	1	0.0156	0.0704	0.0187	100	1	0	0	0	0	0	0	125
68	81	1	0.00175	0.0202	0.808	100	1	0	0	0	0	0	0	126
81	80	1	0	0.037	0	100	0.935	0	0	0	0	0	0	127
77	82	1	0.0298	0.0853	0.08174	100	1	0	0	0	0	0	0	128
82	83	1	0.0112	0.03665	0.03796	100	1	0	0	0	0	0	0	129
83	84	1	0.0625	0.132	0.0258	100	1	0	0	0	0	0	0	130
83	85	1	0.043	0.148	0.0348	100	1	0	0	0	0	0	0	131
84	85	1	0.0302	0.0641	0.01234	100	1	0	0	0	0	0	0	132
85	86	1	0.035	0.123	0.0276	100	1	0	0	0	0	0	0	133
86	87	1	0.02828	0.2074	0.0445	100	1	0	0	0	0	0	0	134
85	88	1	0.02	0.102	0.0276	100	1	0	0	0	0	0	0	135
85	89	1	0.0239	0.173	0.047	100	1	0	0	0	0	0	0	136
88	89	1	0.0139	0.0712	0.01934	100	1	0	0	0	0	0	0	137
89	90	1	0.0518	0.188	0.0528	100	1	0	0	0	0	0	0	138
89	90	2	0.0238	0.0997	0.106	100	1	0	0	0	0	0	0	139
90	91	1	0.0254	0.0836	0.0214	100	1	0	0	0	0	0	0	140
89	92	1	0.0099	0.0505	0.0548	100	1	0	0	0	0	0	0	141
89	92	2	0.0393	0.1581	0.0414	100	1	0	0	0	0	0	0	142
91	92	1	0.0387	0.1272	0.03268	100	1	0	0	0	0	0	0	143
92	93	1	0.0258	0.0848	0.0218	100	1	0	0	0	0	0	0	144
92	94	1	0.0481	0.158	0.0406	100	1	0	0	0	0	0	0	145
93	94	1	0.0223	0.0732	0.01876	100	1	0	0	0	0	0	0	146
94	95	1	0.0132	0.0434	0.0111	100	1	0	0	0	0	0	0	147
80	96	1	0.0356	0.182	0.0494	100	1	0	0	0	0	0	0	148
82	96	1	0.0162	0.053	0.0544	100	1	0	0	0	0	0	0	149
94	96	1	0.0269	0.0869	0.023	100	1	0	0	0	0	0	0	150
80	97	1	0.0183	0.0934	0.0254	100	1	0	0	0	0	0	0	151
80	98	1	0.0238	0.108	0.0286	100	1	0	0	0	0	0	0	152
80	99	1	0.0454	0.206	0.0546	100	1	0	0	0	0	0	0	153
92	100	1	0.0648	0.295	0.0472	100	1	0	0	0	0	0	0	154
94	100	1	0.0178	0.058	0.0604	100	1	0	0	0	0	0	0	155
95	96	1	0.0171	0.0547	0.01474	100	1	0	0	0	0	0	0	156
96	97	1	0.0173	0.0885	0.024	100	1	0	0	0	0	0	0	157
98	100	1	0.0397	0.179	0.0476	100	1	0	0	0	0	0	0	158
99	100	1	0.018	0.0813	0.0216	100	1	0	0	0	0	0	0	159
100	101	1	0.0277	0.1262	0.0328	100	1	0	0	0	0	0	0	160
92	102	1	0.0123	0.0559	0.01464	100	1	0	0	0	0	0	0	161
101	102	1	0.0246	0.112	0.0294	100	1	0	0	0	0	0	0	162
100	103	1	0.016	0.0525	0.0536	100	1	0	0	0	0	0	0	163
100	104	1	0.0451	0.204	0.0541	100	1	0	0	0	0	0	0	164
103	104	1	0.0466	0.1584	0.0407	100	1	0	0	0	0	0	0	165
103	105	1	0.0535	0.1625	0.0408	100	1	0	0	0	0	0	0	166
100	106	1	0.0605	0.229	0.062	100	1	0	0	0	0	0	0	167
104	105	1	0.00994	0.0378	0.00986	100	1	0	0	0	0	0	0	168
105	106	1	0.014	0.0547	0.01434	100	1	0	0	0	0	0	0	169
105	107	1	0.053	0.183	0.0472	100	1	0	0	0	0	0	0	170
105	108	1	0.0261	0.0703	0.01844	100	1	0	0	0	0	0	0	171
106	107	1	0.053	0.183	0.0472	100	1	0	0	0	0	0	0	172
108	109	1	0.0105	0.0288	0.0076	100	1	0	0	0	0	0	0	173
103	110	1	0.03906	0.1813	0.0461	100	1	0	0	0	0	0	0	174
109	110	1	0.0278	0.0762	0.0202	100	1	0	0	0	0	0	0	175
110	111	1	0.022	0.0755	0.02	100	1	0	0	0	0	0	0	176
110	112	1	0.0247	0.064	0.062	100	1	0	0	0	0	0	0	177
17	113	1	0.00913	0.0301	0.00768	100	1	0	0	0	0	0	0	178
32	113	1	0.0615	0.203	0.0518	100	1	0	0	0	0	0	0	179
32	114	1	0.0135	0.0612	0.01628	100	1	0	0	0	0	0	0	180
27	115	1	0.0164	0.0741	0.01972	100	1	0	0	0	0	0	0	181
114	115	1	0.0023	0.0104	0.00276	100	1	0	0	0	0	0	0	182
68	116	1	0.00034	0.00405	0.164	100	1	0	0	0	0	0	0	183
12	117	1	0.0329	0.14	0.0358	100	1	0	0	0	0	0	0	184
75	118	1	0.0145	0.0481	0.01198	100	1	0	0	0	0	0	0	185
76	118	1	0.0164	0.0544	0.01356	100	1	0	0	0	0	0	0	186
