  1   1 0.95500000 0.00191000 
  2   0 0.97139279 0.00194279 
  3   0 0.96769194 0.00193538 
  4   1 0.99800000 0.00199600 
  5   0 1.00198464 0.00200397 
  6   1 0.99000000 0.00198000 
  7   0 0.98932789 0.00197866 
  8   1 1.01500000 0.00203000 
  9   4 1.04291821 0.00208584 
 10   1 1.05000000 0.00210000 
 11   0 0.98508855 0.00197018 
 12   1 0.99000000 0.00198000 
 13   0 0.96830204 0.00193660 
 14   0 0.98359102 0.00196718 
 15   1 0.97000000 0.00194000 
 16   0 0.98389737 0.00196779 
 17   0 0.99508854 0.00199018 
 18   1 0.97300000 0.00194600 
 19   1 0.96200000 0.00192400 
 20   0 0.95693432 0.00191387 
 21   0 0.95772490 0.00191545 
 22   0 0.96901908 0.00193804 
 23   0 0.99946933 0.00199894 
 24   1 0.99200000 0.00198400 
 25   1 1.05000000 0.00210000 
 26   1 1.01500000 0.00203000 
 27   1 0.96800000 0.00193600 
 28   0 0.96156810 0.00192314 
 29   0 0.96321633 0.00192643 
 30   4 0.98533263 0.00197067 
 31   1 0.96700000 0.00193400 
 32   1 0.96300000 0.00192600 
 33   0 0.97093415 0.00194187 
 34   1 0.98400000 0.00196800 
 35   0 0.98045246 0.00196090 
 36   1 0.98000000 0.00196000 
 37   0 0.99066136 0.00198132 
 38   4 0.96128577 0.00192257 
 39   0 0.96996109 0.00193992 
 40   1 0.97000000 0.00194000 
 41   0 0.96683247 0.00193366 
 42   1 0.98500000 0.00197000 
 43   0 0.97712148 0.00195424 
 44   0 0.98443603 0.00196887 
 45   0 0.98638257 0.00197277 
 46   1 1.00500000 0.00201000 
 47   0 1.01705182 0.00203410 
 48   0 1.02063338 0.00204127 
 49   1 1.02500000 0.00205000 
 50   0 1.00108276 0.00200217 
 51   0 0.96687669 0.00193375 
 52   0 0.95681799 0.00191364 
 53   0 0.94598290 0.00189197 
 54   1 0.95500000 0.00191000 
 55   1 0.95200000 0.00190400 
 56   1 0.95400000 0.00190800 
 57   0 0.97058253 0.00194117 
 58   0 0.95903867 0.00191808 
 59   1 0.98500000 0.00197000 
 60   0 0.99315625 0.00198631 
 61   1 0.99500000 0.00199000 
 62   1 0.99800000 0.00199600 
 63   4 0.96873701 0.00193747 
 64   4 0.98373860 0.00196748 
 65   1 1.00500000 0.00201000 
 66   1 1.05000000 0.00210000 
 67   0 1.01968176 0.00203936 
 68   4 1.00324942 0.00200650 
 69   2 1.03500000 0.00207000 
 70   1 0.98400000 0.00196800 
 71   4 0.98684453 0.00197369 
 72   1 0.98000000 0.00196000 
 73   1 0.99100000 0.00198200 
 74   1 0.95800000 0.00191600 
 75   0 0.96733189 0.00193466 
 76   1 0.94300000 0.00188600 
 77   1 1.00600000 0.00201200 
 78   0 1.00342372 0.00200685 
 79   0 1.00922307 0.00201845 
 80   1 1.04000000 0.00208000 
 81   4 0.99680664 0.00199361 
 82   0 0.98854525 0.00197709 
 83   0 0.98437707 0.00196875 
 84   0 0.97970386 0.00195941 
 85   1 0.98500000 0.00197000 
 86   0 0.98669075 0.00197338 
 87   1 1.01500000 0.00203000 
 88   0 0.98745330 0.00197491 
 89   1 1.00500000 0.00201000 
 90   1 0.98500000 0.00197000 
 91   1 0.98000000 0.00196000 
 92   1 0.99000000 0.00198000 
 93   0 0.98543317 0.00197087 
 94   0 0.98983048 0.00197966 
 95   0 0.98033188 0.00196066 
 96   0 0.99228266 0.00198457 
 97   0 1.01116617 0.00202233 
 98   0 1.02350860 0.00204702 
 99   1 1.01000000 0.00202000 
100   1 1.01700000 0.00203400 
101   0 0.99141961 0.00198284 
102   0 0.98913082 0.00197826 
103   1 1.01000000 0.00202000 
104   1 0.97100000 0.00194200 
105   1 0.96500000 0.00193000 
106   0 0.96114632 0.00192229 
107   1 0.95200000 0.00190400 
108   0 0.96621175 0.00193242 
109   0 0.96702553 0.00193405 
110   1 0.97300000 0.00194600 
111   1 0.98000000 0.00196000 
112   1 0.97500000 0.00195000 
113   1 0.99300000 0.00198600 
114   0 0.96009307 0.00192019 
115   0 0.96002286 0.00192005 
116   1 1.00500000 0.00201000 
117   0 0.97382445 0.00194765 
118   0 0.94943753 0.00189888 
