  1   1 0.9552941025 -0.3321862887 
  2   0 0.9715077393 -0.3225419911 
  3   0 0.9680004953 -0.3160841600 
  4   1 0.9982546805 -0.2506328482 
  5   0 1.0022731712 -0.2426861877 
  6   1 0.9901209345 -0.2912768984 
  7   0 0.9894077934 -0.2990857817 
  8   1 1.0154474499 -0.1543560190 
  9   4 1.0439336136 -0.0276086336 
 10   1 1.0516124612 0.1047014576 
 11   0 0.9852240836 -0.2959277213 
 12   1 0.9900629654 -0.3052723594 
 13   0 0.9684511924 -0.3197999044 
 14   0 0.9835169954 -0.3181287999 
 15   1 0.9700275074 -0.3232503949 
 16   0 0.9840136646 -0.3109842224 
 17   0 0.9951919333 -0.2793186130 
 18   1 0.9731929877 -0.3190565632 
 19   1 0.9617279303 -0.3274723972 
 20   0 0.9549942720 -0.3163673919 
 21   0 0.9545107845 -0.2913872037 
 22   0 0.9666843822 -0.2435403060 
 23   0 0.9994917293 -0.1527333646 
 24   1 0.9920225772 -0.1550861520 
 25   1 1.0509989660 -0.0233289453 
 26   1 1.0168859230 0.0124387327 
 27   1 0.9683045064 -0.2502430007 
 28   0 0.9628768212 -0.2810712929 
 29   0 0.9643182632 -0.2982847388 
 30   4 0.9852399700 -0.1885731281 
 31   1 0.9677528178 -0.2964978526 
 32   1 0.9631067741 -0.2607247051 
 33   0 0.9708866955 -0.3336586993 
 34   1 0.9838599910 -0.3230059209 
 35   0 0.9803465983 -0.3309508152 
 36   1 0.9798929539 -0.3309694495 
 37   0 0.9905973861 -0.3146119734 
 38   4 0.9611766539 -0.2240417731 
 39   0 0.9698658776 -0.3737975225 
 40   1 0.9699057501 -0.3926710019 
 41   0 0.9667372083 -0.4004198559 
 42   1 0.9849065970 -0.3724791241 
 43   0 0.9769078938 -0.3239348480 
 44   0 0.9841551239 -0.2811497590 
 45   0 0.9859296705 -0.2493771604 
 46   1 1.0048556317 -0.1999636191 
 47   0 1.0170803346 -0.1606304572 
 48   0 1.0204039293 -0.1745740355 
 49   1 1.0250240476 -0.1566992962 
 50   0 1.0008370153 -0.1945173710 
 51   0 0.9666448398 -0.2386075865 
 52   0 0.9565830641 -0.2553612769 
 53   0 0.9458579365 -0.2721638282 
 54   1 0.9550434175 -0.2557610823 
 55   1 0.9520535224 -0.2608538484 
 56   1 0.9540436056 -0.2575794807 
 57   0 0.9706716694 -0.2370245716 
 58   0 0.9588621424 -0.2518744709 
 59   1 0.9850512914 -0.1842046521 
 60   0 0.9931975963 -0.1182158110 
 61   1 0.9950476313 -0.1026268165 
 62   1 0.9980308103 -0.1135438665 
 63   4 0.9687866194 -0.1252275410 
 64   4 0.9837888359 -0.0944039537 
 65   1 1.0050527511 -0.0398617481 
 66   1 1.0502254055 -0.0413474656 
 67   0 1.0203201947 -0.0887936315 
 68   4 1.0032664525 -0.0419282331 
 69   2 1.0350213673 0.0000000000 
 70   1 0.9840147704 -0.1288409387 
 71   4 0.9868308732 -0.1360283532 
 72   1 0.9800227280 -0.1551777427 
 73   1 0.9909427891 -0.1397446267 
 74   1 0.9580183654 -0.1454090233 
 75   0 0.9673471516 -0.1233914612 
 76   1 0.9431011143 -0.1432061723 
 77   1 1.0060196563 -0.0567137434 
 78   0 1.0034156994 -0.0620271811 
 79   0 1.0092425454 -0.0568024850 
 80   1 1.0400109368 -0.0176342297 
 81   4 0.9968210552 -0.0323821209 
 82   0 0.9885139288 -0.0476191133 
 83   0 0.9842135657 -0.0268577521 
 84   0 0.9793242928 0.0175412771 
 85   1 0.9849587233 0.0453266569 
 86   0 0.9863695323 0.0216443233 
 87   1 1.0144585817 0.0259017200 
 88   0 0.9876290866 0.1013862661 
 89   1 1.0051277616 0.1704005302 
 90   1 0.9856570335 0.0598344872 
 91   1 0.9803971081 0.0582460011 
 92   1 0.9900230965 0.0677235726 
 93   0 0.9852690718 0.0145266973 
 94   0 0.9898411943 -0.0230069401 
 95   0 0.9804779879 -0.0399956106 
 96   0 0.9923047738 -0.0428967292 
 97   0 1.0111684475 -0.0363848587 
 98   0 1.0235178496 -0.0448006049 
 99   1 1.0100138715 -0.0511948609 
100   1 1.0170139604 -0.0338843124 
101   0 0.9914222884 -0.0061672772 
102   0 0.9891669984 0.0413074423 
103   1 1.0100033058 -0.0991874695 
104   1 0.9710135069 -0.1440392229 
105   1 0.9650145692 -0.1633076844 
106   0 0.9611689202 -0.1677934046 
107   1 0.9522107490 -0.2160072118 
108   0 0.9660678026 -0.1841616034 
109   0 0.9668139981 -0.1922882233 
110   1 0.9729920576 -0.2069681095 
111   1 0.9799790800 -0.1783038043 
112   1 0.9753725490 -0.2610114876 
113   1 0.9931035040 -0.2793645581 
114   0 0.9602010918 -0.2665569487 
115   0 0.9601308731 -0.2667014413 
116   1 1.0050079172 -0.0495075556 
117   0 0.9738968847 -0.3318358584 
118   0 0.9494581649 -0.1406380539 
