  1   1 -0.332186 0.955294 -0.52533694 -0.29487866 
  2   0 -0.322542 0.971508 -0.20162336 -0.09036812 
  3   0 -0.316084 0.968000 -0.38091934 -0.10064920 
  4   1 -0.250633 0.998255 -0.40576139 -0.26930348 
  5   0 -0.242686 1.002273 0.02871288 -0.00550297 
  6   1 -0.291277 0.990121 -0.53539705 -0.05755325 
  7   0 -0.299086 0.989408 -0.19446988 -0.02041423 
  8   1 -0.154356 1.015447 -0.27810983 0.63449711 
  9   4 -0.027609 1.043934 -0.00000000 0.00000000 
 10   1 0.104701 1.051612 4.51277419 -0.49293696 
 11   0 -0.295928 0.985224 -0.70198945 -0.22905350 
 12   1 -0.305272 0.990063 0.37476497 0.80964276 
 13   0 -0.319800 0.968451 -0.33560702 -0.16075712 
 14   0 -0.318129 0.983517 -0.14517539 -0.01078027 
 15   1 -0.323250 0.970028 -0.87099325 -0.23091787 
 16   0 -0.310984 0.984014 -0.25536444 -0.09791274 
 17   0 -0.279319 0.995192 -0.16606318 -0.02584103 
 18   1 -0.319057 0.973193 -0.61229834 -0.04089710 
 19   1 -0.327472 0.961728 -0.45943464 -0.39062722 
 20   0 -0.316367 0.954994 -0.18236829 -0.02980810 
 21   0 -0.291387 0.954511 -0.20136599 -0.08867207 
 22   0 -0.243540 0.966684 -0.10053252 -0.05113562 
 23   0 -0.152733 0.999492 -0.14592300 0.00260216 
 24   1 -0.155086 0.992023 -0.12998633 -0.14906216 
 25   1 -0.023329 1.050999 2.22134386 0.48950756 
 26   1 0.012439 1.016886 3.40433255 0.16743893 
 27   1 -0.250243 0.968305 -0.72404701 -0.08873652 
 28   0 -0.281071 0.962877 -0.17573901 -0.05523933 
 29   0 -0.298285 0.964318 -0.23060984 -0.03515962 
 30   4 -0.188573 0.985240 -0.00000000 0.00000000 
 31   1 -0.296498 0.967753 -0.36442925 0.05742797 
 32   1 -0.260725 0.963107 -0.60463095 -0.39655559 
 33   0 -0.333659 0.970887 -0.22488278 -0.09207723 
 34   1 -0.323006 0.983860 -0.63114295 -0.46486862 
 35   0 -0.330951 0.980347 -0.33563904 -0.08930719 
 36   1 -0.330969 0.979893 -0.31220784 -0.09117222 
 37   0 -0.314612 0.990597 0.02876015 -0.00041317 
 38   4 -0.224042 0.961177 0.00000000 0.00000000 
 39   0 -0.373798 0.969866 -0.27011902 -0.11023494 
 40   1 -0.392671 0.969906 -0.66007110 0.05445392 
 41   0 -0.400420 0.966737 -0.36989845 -0.10004296 
 42   1 -0.372479 0.984907 -0.95967628 0.17942324 
 43   0 -0.323935 0.976908 -0.17814814 -0.07067678 
 44   0 -0.281150 0.984155 -0.15995798 -0.07847947 
 45   0 -0.249377 0.985930 -0.54140315 -0.22207808 
 46   1 -0.199964 1.004856 -0.09127853 -0.14809509 
 47   0 -0.160630 1.017080 -0.33659356 0.00066136 
 48   0 -0.174574 1.020404 -0.20740325 -0.11267932 
 49   1 -0.156699 1.025024 1.18874995 0.86196689 
 50   0 -0.194517 1.000837 -0.20976254 -0.03137758 
 51   0 -0.238608 0.966645 -0.17540222 -0.08016544 
 52   0 -0.255361 0.956583 -0.18277758 -0.04981338 
 53   0 -0.272164 0.945858 -0.23242081 -0.11012397 
 54   1 -0.255761 0.955043 -0.64458657 -0.28094304 
 55   1 -0.260854 0.952054 -0.63126927 -0.17223023 
 56   1 -0.257579 0.954044 -0.83344445 -0.20433811 
 57   0 -0.237025 0.970672 -0.11215721 -0.03052751 
 58   0 -0.251874 0.958862 -0.12114622 -0.03107752 
 59   1 -0.184205 0.985051 -1.22007354 -0.36153994 
 60   0 -0.118216 0.993198 -0.78037892 -0.03030583 
 61   1 -0.102627 0.995048 1.60705640 -0.40448611 
 62   1 -0.113544 0.998031 -0.78465870 -0.13035808 
 63   4 -0.125228 0.968787 -0.00000000 0.00000000 
 64   4 -0.094404 0.983789 0.00000000 0.00000000 
 65   1 -0.039862 1.005053 3.85686342 0.81337661 
 66   1 -0.041347 1.050225 3.62089426 -0.19939557 
 67   0 -0.088794 1.020320 -0.29138370 -0.05744235 
 68   4 -0.041928 1.003266 -0.00000000 -0.00000000 
 69   2 0.000000 1.035021 5.13908631 -0.82412968 
 70   1 -0.128841 0.984015 -0.65951914 -0.10274459 
 71   4 -0.136028 0.986831 -0.00000000 -0.00000000 
 72   1 -0.155178 0.980023 -0.11984797 -0.11114580 
 73   1 -0.139745 0.990943 -0.06069006 0.09569203 
 74   1 -0.145409 0.958018 -0.67993679 -0.32618603 
 75   0 -0.123391 0.967347 -0.47019550 -0.11019423 
 76   1 -0.143206 0.943101 -0.68100296 -0.30511983 
 77   1 -0.056714 1.006020 -0.60815034 -0.15628266 
 78   0 -0.062027 1.003416 -0.71177031 -0.26287271 
 79   0 -0.056802 1.009243 -0.38926940 -0.31891812 
 80   1 -0.017634 1.040011 3.46954535 0.79427940 
 81   4 -0.032382 0.996821 -0.00000000 -0.00000000 
 82   0 -0.047619 0.988514 -0.53816270 -0.26858007 
 83   0 -0.026858 0.984214 -0.20690325 -0.10028037 
 84   0 0.017541 0.979324 -0.11957982 -0.07189853 
 85   1 0.045327 0.984959 -0.23672303 -0.20347389 
 86   0 0.021644 0.986370 -0.20751177 -0.10167959 
 87   1 0.025902 1.014459 0.03856344 0.10927972 
 88   0 0.101386 0.987629 -0.44327456 -0.10549982 
 89   1 0.170401 1.005128 6.03113864 -0.05909155 
 90   1 0.059834 0.985657 -1.59138348 0.17100338 
 91   1 0.058246 0.980397 -0.12071973 -0.12479569 
 92   1 0.067724 0.990023 -0.65375341 -0.24185557 
 93   0 0.014527 0.985269 -0.12770452 -0.07213102 
 94   0 -0.023007 0.989841 -0.29648060 -0.16220342 
 95   0 -0.039996 0.980478 -0.41905227 -0.30507330 
 96   0 -0.042897 0.992305 -0.38012544 -0.15079358 
 97   0 -0.036385 1.011168 -0.15011064 -0.09029892 
 98   0 -0.044801 1.023518 -0.33997946 -0.08005015 
 99   1 -0.051195 1.010014 -0.41991914 -0.17536686 
100   1 -0.033884 1.017014 2.15009329 0.77579911 
101   0 -0.006167 0.991422 -0.22037678 -0.15028814 
102   0 0.041307 0.989167 -0.04894555 -0.02971044 
103   1 -0.099187 1.010003 0.16985113 0.59403403 
104   1 -0.144039 0.971014 -0.38008760 -0.22606788 
105   1 -0.163308 0.965015 -0.31479727 -0.44109672 
106   0 -0.167793 0.961169 -0.43223872 -0.16032928 
107   1 -0.216007 0.952211 -0.49325447 -0.05479582 
108   0 -0.184162 0.966068 -0.01244910 -0.01262884 
109   0 -0.192288 0.966814 -0.08910092 -0.03147677 
110   1 -0.206968 0.972992 -0.38989808 -0.30028256 
111   1 -0.178304 0.979979 0.35938380 -0.01844613 
112   1 -0.261011 0.975373 -0.67769850 0.28998608 
113   1 -0.279365 0.993104 -0.06000972 0.06751866 
114   0 -0.266557 0.960201 -0.07999675 -0.02998652 
115   0 -0.266701 0.960131 -0.23240980 -0.06961645 
116   1 -0.049508 1.005008 -1.83710865 0.51069856 
117   0 -0.331836 0.973897 -0.19785860 -0.08050900 
118   0 -0.140638 0.949458 -0.32923911 -0.15153186 
