  3 -0.09863228 0.00200000 
  4 -0.26649968 0.00540193 
  8 0.63241271 0.01262768 
 12 0.80053544 0.01625835 
 13 -0.15718509 0.00320000 
 16 -0.09944273 0.00200000 
 15 -0.22858325 0.00456791 
 19 -0.39205232 0.00785483 
 20 -0.02973474 0.00060000 
 22 -0.04901259 0.00100000 
 24 -0.15142690 0.00298153 
 25 0.49261971 0.01000865 
 27 -0.09052070 0.00180353 
 31 0.05614588 0.00111720 
 33 -0.08844173 0.00180000 
 35 -0.09110870 0.00180000 
 36 -0.09408911 0.00185499 
 42 0.18018647 0.00360591 
 44 -0.07945142 0.00160000 
 46 -0.15017414 0.00300589 
 47 -0.00030457 0.00100000 
 49 0.86140729 0.01716902 
 52 -0.04949013 0.00100000 
 53 -0.11113174 0.00220000 
 54 -0.28163672 0.00561979 
 55 -0.17205604 0.00346717 
 61 -0.40487233 0.00807880 
 66 -0.20198416 0.00399132 
 70 -0.10375688 0.00206614 
 77 -0.15645761 0.00316593 
 79 -0.32220716 0.00640000 
 83 -0.09892458 0.00200000 
 85 -0.20308227 0.00412132 
 86 -0.09804051 0.00200000 
 89 -0.05884163 0.00118099 
 90 0.17069380 0.00346168 
 92 -0.24045412 0.00479125 
 96 -0.15108885 0.00300000 
 97 -0.08987737 0.00180000 
 98 -0.08131216 0.00160000 
 99 -0.17807949 0.00350712 
102 -0.03000579 0.00060000 
104 -0.22616265 0.00452235 
105 -0.44959450 0.00886691 
110 -0.29485375 0.00594383 
111 -0.01837719 0.00036876 
112 0.28871393 0.00570234 
116 0.52072661 0.01026449 
117 -0.07963979 0.00160000 
118 -0.14706030 0.00300000 
