  3 -0.39179994 0.00780000 
  4 -0.38870541 0.00780000 
  8 -0.28262885 0.00560000 
 12 0.37762693 0.00760000 
 13 -0.33885666 0.00680000 
 16 -0.24620346 0.00500000 
 15 -0.88537291 0.01800000 
 19 -0.44830159 0.00900000 
 20 -0.18343791 0.00360000 
 22 -0.10074912 0.00200000 
 24 -0.13167042 0.00260000 
 25 2.19321394 0.04400000 
 27 -0.70720193 0.01420000 
 31 -0.35800516 0.00720000 
 33 -0.23396698 0.00460000 
 35 -0.32959259 0.00660000 
 36 -0.30808487 0.00620000 
 42 -0.96671441 0.01920000 
 44 -0.15928986 0.00320000 
 46 -0.09027557 0.00180000 
 47 -0.34556480 0.00680000 
 49 1.15379113 0.02340000 
 52 -0.17980457 0.00360000 
 53 -0.23039170 0.00460000 
 54 -0.64024034 0.01300000 
 55 -0.62954509 0.01260000 
 61 1.58650013 0.03200000 
 66 3.49103445 0.07060000 
 70 -0.65259428 0.01320000 
 77 -0.61091624 0.01220000 
 79 -0.39060970 0.00780000 
 83 -0.20022914 0.00400000 
 85 -0.24311161 0.00480000 
 86 -0.20813723 0.00420000 
 89 6.03142505 0.12140000 
 90 -1.62299822 0.03260000 
 92 -0.64380090 0.01300000 
 96 -0.37596440 0.00760000 
 97 -0.15186803 0.00300000 
 98 -0.34289002 0.00680000 
 99 -0.42686929 0.00840000 
102 -0.04990681 0.00100000 
104 -0.37780447 0.00760000 
105 -0.30816954 0.00620000 
110 -0.38673521 0.00780000 
111 0.35620172 0.00720000 
112 -0.69035242 0.01360000 
116 -1.82808087 0.03680000 
117 -0.19783772 0.00400000 
118 -0.33197712 0.00660000 
