  1   2   1 -0.12339135 0.00247056 
  2  12   1 -0.32991065 0.00649008 
  3   5   1 -0.68851978 0.01362210 
  5   6   1 0.88463674 0.01769408 
  6   7   1 0.36109784 0.00710799 
  9  10   1 -4.41004423 0.08905093 
  4  11   1 0.64450663 0.01284595 
  5  11   1 0.76442332 0.01544493 
  7  12   1 0.16585925 0.00329597 
 12  14   1 0.18600612 0.00366287 
 14  15   1 0.04283678 0.00084761 
 16  17   1 -0.17454517 0.00350212 
 17  18   1 0.78719310 0.01605404 
 21  22   1 -0.43335330 0.00856748 
 23  24   1 0.08326733 0.00165674 
 28  29   1 0.15648541 0.00313101 
 30  17   1 2.28343350 0.04623737 
 17  31   1 0.14557148 0.00295319 
 23  32   1 0.91280996 0.01859640 
 34  36   1 0.29791187 0.00604923 
 37  40   1 0.43616643 0.00880422 
 39  40   1 0.26986784 0.00538336 
 40  41   1 0.15534228 0.00308951 
 43  44   1 -0.16295652 0.00331859 
 34  43   1 0.01390038 0.00028273 
 46  48   1 -0.14689505 0.00295218 
 45  49   1 -0.49245568 0.00994003 
 51  52   1 0.29055046 0.00571176 
 52  53   1 0.10572318 0.00207427 
 54  55   1 0.06982225 0.00141469 
 56  57   1 -0.23419541 0.00459764 
 50  57   1 0.36505608 0.00717509 
 51  58   1 0.18632640 0.00375726 
 59  60   1 -0.42723789 0.00866334 
 60  62   1 -0.09932267 0.00197444 
 64  65   1 -1.79877694 0.03655826 
 62  67   1 -0.24102003 0.00486063 
 68  65   1 -0.14364883 0.00283560 
 47  69   1 -0.56018755 0.01118802 
 71  72   1 0.10611491 0.00212044 
 71  73   1 0.05972924 0.00120248 
 69  75   1 1.11791772 0.02200179 
 74  75   1 -0.51623838 0.01039771 
 76  77   1 -0.61227152 0.01223000 
 78  79   1 -0.25441080 0.00513676 
 81  80   1 -0.44848853 0.00884039 
 77  82   1 -0.03060246 0.00060509 
 84  85   1 -0.36994872 0.00726922 
 86  87   1 -0.04023792 0.00078939 
 85  88   1 -0.49591809 0.01007849 
 91  92   1 -0.08665663 0.00171920 
 92  93   1 0.56614032 0.01152470 
 93  94   1 0.43908411 0.00894398 
 94  95   1 0.40869845 0.00817219 
 82  96   1 -0.09892201 0.00198887 
 92 100   1 0.31539602 0.00629941 
 95  96   1 -0.01358340 0.00027526 
 98 100   1 -0.05299866 0.00105131 
 99 100   1 -0.22425274 0.00452968 
100 101   1 -0.17070536 0.00334852 
101 102   1 -0.38717886 0.00779594 
100 106   1 0.61040548 0.01207224 
105 107   1 0.26815358 0.00535094 
105 108   1 0.23865912 0.00479302 
108 109   1 0.22018606 0.00435492 
103 110   1 0.60205145 0.01211977 
109 110   1 0.13767839 0.00274174 
110 112   1 0.68360623 0.01389172 
 17 113   1 0.02025730 0.00041127 
 27 115   1 0.21047426 0.00414475 
114 115   1 0.01373980 0.00027155 
 12 117   1 0.19790878 0.00403051 
 75 118   1 0.39527776 0.00804297 
 76 118   1 -0.06962718 0.00137000 
