  1   2   1 -0.12951893 0.00260824 
  2  12   1 -0.19645535 0.00400127 
  3   5   1 -0.14535795 0.00289778 
  5   6   1 0.04088502 0.00082129 
  6   7   1 -0.04711175 0.00095430 
  9  10   1 -0.24146419 0.00488578 
  4  11   1 -0.00214632 0.00004354 
  5  11   1 0.02966650 0.00059320 
  7  12   1 -0.06619669 0.00130104 
 12  14   1 0.02636761 0.00052460 
 14  15   1 0.03202953 0.00062810 
 16  17   1 -0.03669184 0.00073693 
 17  18   1 0.24651354 0.00495261 
 21  22   1 -0.02080470 0.00041989 
 23  24   1 0.10561104 0.00208375 
 28  29   1 -0.06629509 0.00131357 
 30  17   1 0.94548487 0.01859391 
 17  31   1 0.11331648 0.00230435 
 23  32   1 0.04989643 0.00101084 
 34  36   1 0.04772598 0.00093910 
 37  40   1 -0.03692198 0.00073501 
 39  40   1 -0.08675644 0.00174038 
 40  41   1 0.01194030 0.00023852 
 43  44   1 -0.01332762 0.00026604 
 34  43   1 0.01615643 0.00032669 
 46  48   1 -0.05822453 0.00116615 
 45  49   1 -0.02119060 0.00041660 
 51  52   1 0.06316567 0.00124914 
 52  53   1 0.01997023 0.00039886 
 54  55   1 0.01435717 0.00029136 
 56  57   1 -0.09270398 0.00182071 
 50  57   1 0.08997253 0.00182819 
 51  58   1 0.03214233 0.00063174 
 59  60   1 0.03599520 0.00071485 
 60  62   1 -0.07160702 0.00142285 
 64  65   1 -0.66727270 0.01329843 
 62  67   1 -0.14384237 0.00288282 
 68  65   1 -0.41111828 0.00836947 
 47  69   1 0.11733966 0.00232636 
 71  72   1 -0.00942960 0.00018794 
 71  73   1 -0.10859642 0.00214768 
 69  75   1 0.20670673 0.00409708 
 74  75   1 -0.06120437 0.00123810 
 76  77   1 -0.20876916 0.00420800 
 78  79   1 -0.18172589 0.00367434 
 81  80   1 0.74706092 0.01510784 
 77  82   1 0.17392375 0.00351091 
 84  85   1 0.08897079 0.00179837 
 86  87   1 -0.14891981 0.00301819 
 85  88   1 0.07680798 0.00151993 
 91  92   1 -0.06732009 0.00132515 
 92  93   1 -0.11870854 0.00233166 
 93  94   1 -0.19288896 0.00390029 
 94  95   1 0.08946432 0.00180285 
 82  96   1 -0.06611016 0.00131374 
 92 100   1 -0.16795782 0.00330646 
 95  96   1 -0.22075045 0.00433773 
 98 100   1 0.02422209 0.00048577 
 99 100   1 -0.04502662 0.00091882 
100 101   1 0.23185238 0.00457996 
101 102   1 0.10287635 0.00202557 
100 106   1 0.09556937 0.00189520 
105 107   1 -0.02333513 0.00047499 
105 108   1 -0.11295486 0.00222569 
108 109   1 -0.10858320 0.00218446 
103 110   1 0.08460176 0.00166978 
109 110   1 -0.13447417 0.00267859 
110 112   1 -0.30203653 0.00612283 
 17 113   1 0.05858713 0.00118012 
 27 115   1 0.05070366 0.00101208 
114 115   1 0.00219249 0.00004415 
 12 117   1 0.05168280 0.00103945 
 75 118   1 0.23829680 0.00471753 
 76 118   1 -0.09725273 0.00193838 
