  4   1 0.99953759 0.00199600 
 10   1 1.05075486 0.00210000 
 12   1 0.99087606 0.00198000 
 18   1 0.97457128 0.00194600 
 25   1 1.05000009 0.00210000 
 27   1 0.96956708 0.00193600 
 36   1 0.97815240 0.00196000 
 40   1 0.97082525 0.00194000 
 59   1 0.98473362 0.00197000 
 73   1 0.99017542 0.00198200 
 76   1 0.94482589 0.00188600 
 82   0 0.98791058 0.00197709 
 86   0 0.98762952 0.00197338 
 92   1 0.99191289 0.00198000 
107   1 0.95082117 0.00190400 
111   1 0.97865311 0.00196000 
112   1 0.97638654 0.00195000 
