  1   2   1 -0.12499036 -0.12829078 
  1   3   1 -0.40034658 -0.16658787 
  4   5   1 -1.05501070 -0.26709487 
  3   5   1 -0.68767485 -0.14285032 
  5   6   1 0.90323375 0.04103517 
  6   7   1 0.35814478 -0.04634595 
  8   9   1 -4.41874166 -0.91518658 
  8   5   1 3.41381699 1.25660656 
  9  10   1 -4.46518130 -0.26342132 
  4  11   1 0.64924930 -0.00220860 
  5  11   1 0.78192536 0.02959875 
 11  12   1 0.35880321 -0.35241973 
  2  12   1 -0.32758461 -0.19828351 
  3  12   1 -0.09622608 -0.12304114 
  7  12   1 0.16306542 -0.06413410 
 11  13   1 0.34915540 0.11440006 
 12  14   1 0.18791049 0.02676179 
 13  15   1 0.01040428 -0.03878434 
 14  15   1 0.04193272 0.03102656 
 12  16   1 0.07986511 0.04121352 
 15  17   1 -1.03777319 -0.24469128 
 16  17   1 -0.17569510 -0.03662032 
 17  18   1 0.82240503 0.24193232 
 18  19   1 0.20094097 0.17597801 
 19  20   1 -0.07181469 0.05752047 
 15  19   1 0.14849122 0.15456895 
 20  21   1 -0.25446201 0.05378719 
 21  22   1 -0.45720852 -0.02160004 
 22  23   1 -0.56253879 -0.07230222 
 23  24   1 0.08282892 0.10418851 
 23  25   1 -1.73263935 -0.23901696 
 26  25   1 1.04216881 0.24760578 
 25  27   1 1.48339481 0.30642687 
 27  28   1 0.33429962 -0.01827226 
 28  29   1 0.15627911 -0.06356933 
 30  17   1 2.38547419 0.93092232 
  8  30   1 0.72681483 0.29307713 
 26  30   1 2.36216374 -0.08016685 
 17  31   1 0.14570918 0.11167251 
 29  31   1 -0.07502560 -0.07939500 
 23  32   1 0.92966277 0.04985525 
 31  32   1 -0.29572015 0.12941385 
 27  32   1 0.13726535 0.01667727 
 15  33   1 0.07031382 -0.04279510 
 19  34   1 -0.03965846 -0.10328930 
 35  36   1 0.01080878 0.03993933 
 35  37   1 -0.34644782 -0.12924653 
 33  37   1 -0.15479976 -0.10554722 
 34  36   1 0.30224650 0.04579615 
 34  37   1 -0.98805905 -0.43719734 
 38  37   1 2.45611631 1.13653021 
 37  39   1 0.54923247 0.03003983 
 37  40   1 0.44031599 -0.03660699 
 30  38   1 0.65570909 0.18890974 
 39  40   1 0.26918429 -0.08703702 
 40  41   1 0.15445897 0.01194590 
 40  42   1 -0.11830331 -0.06448070 
 41  42   1 -0.21581204 -0.07789029 
 43  44   1 -0.16377860 -0.01364237 
 34  43   1 0.01443730 0.01669139 
 44  45   1 -0.32546039 0.05611775 
 45  46   1 -0.36691140 -0.03659294 
 46  47   1 -0.31529862 -0.01211314 
 46  48   1 -0.14844829 -0.05754181 
 47  49   1 -0.09606735 -0.10807954 
 42  49   1 -0.64846754 0.05198886 
 42  49   2 -0.64846754 0.05198886 
 45  49   1 -0.50250557 -0.02069746 
 48  49   1 -0.35723084 0.03002759 
 49  50   1 0.56507678 0.12896188 
 49  51   1 0.67085575 0.20508735 
 51  52   1 0.28710126 0.06197748 
 52  53   1 0.10243100 0.01959104 
 53  54   1 -0.13051863 -0.05594901 
 49  54   1 0.37779365 0.13061511 
 49  54   2 0.37757127 0.11189182 
 54  55   1 0.07112651 0.01434122 
 54  56   1 0.18683566 0.04300431 
 55  56   1 -0.21495609 -0.05737781 
 56  57   1 -0.22612064 -0.09292163 
 50  57   1 0.34671019 0.09258167 
 56  58   1 -0.06293411 -0.03610210 
 51  58   1 0.18523350 0.03171903 
 54  59   1 -0.30382328 -0.07510903 
 56  59   1 -0.27969112 -0.04174964 
 56  59   2 -0.29319619 -0.03908093 
 55  59   1 -0.34529068 -0.08257935 
 59  60   1 -0.43310777 0.03578782 
 59  61   1 -0.51734403 0.05038678 
 60  61   1 -1.12308733 0.08523218 
 60  62   1 -0.09662293 -0.07143044 
 61  62   1 0.25894227 -0.13897156 
 63  59   1 1.51795933 0.67487984 
 63  64   1 -1.51795933 -0.67487984 
 64  61   1 0.30492490 0.13999186 
 38  65   1 -1.80320343 -0.58041089 
 64  65   1 -1.82770974 -0.66509237 
 49  66   1 -1.33674989 0.04555252 
 49  66   2 -1.33674989 0.04555252 
 62  66   1 -0.37838892 -0.17155230 
 62  67   1 -0.24482594 -0.14891853 
 65  66   1 0.04533088 0.71753945 
 66  67   1 0.54507826 0.18622740 
 65  68   1 0.13888814 -0.22186857 
 47  69   1 -0.55956667 0.11642032 
 49  69   1 -0.46541042 0.10648386 
 68  69   1 -1.25814755 1.12812795 
 69  70   1 1.08380364 0.16079800 
 24  70   1 -0.06214218 -0.02972421 
 70  71   1 0.16706960 -0.12311158 
 24  72   1 0.01466695 0.03307131 
 71  72   1 0.10587330 -0.00956165 
 71  73   1 0.06081335 -0.10656533 
 70  74   1 0.16206398 0.12890545 
 70  75   1 -0.00132759 0.09939454 
 69  75   1 1.10014525 0.20489903 
 74  75   1 -0.51983378 -0.06185275 
 76  77   1 -0.61181144 -0.20979444 
 69  77   1 0.62213797 0.06784118 
 75  77   1 -0.34609398 -0.09556208 
 77  78   1 0.45511507 0.06801086 
 78  79   1 -0.25744533 -0.18470788 
 77  80   1 -0.96556653 -0.37403817 
 77  80   2 -0.44358971 -0.20539979 
 79  80   1 -0.64725269 -0.29575360 
 68  81   1 -0.44136773 -0.04602916 
 81  80   1 -0.44193252 0.75553066 
 77  82   1 -0.03006205 0.17608175 
 82  83   1 -0.47000435 0.24679289 
 83  84   1 -0.24785993 0.14851316 
 83  85   1 -0.43238659 0.12087294 
 84  85   1 -0.37307621 0.08957843 
 85  86   1 0.17063963 -0.07102656 
 86  87   1 -0.03804248 -0.15000473 
 85  88   1 -0.51661670 0.07710510 
 85  89   1 -0.71001989 0.00516294 
 88  89   1 -0.96556221 -0.03046790 
 89  90   1 0.57533815 -0.04891860 
 89  90   2 1.09537212 -0.05805653 
 90  91   1 0.03406334 0.04128527 
 89  92   1 2.02129068 -0.01951971 
 89  92   2 0.63782477 -0.05028383 
 91  92   1 -0.08675656 -0.06316022 
 92  93   1 0.57979381 -0.11530871 
 92  94   1 0.52172814 -0.15207576 
 93  94   1 0.44295252 -0.19620585 
 94  95   1 0.40806862 0.08722650 
 80  96   1 0.18965372 0.21060563 
 82  96   1 -0.09963921 -0.06662045 
 94  96   1 0.19784557 -0.09833680 
 80  97   1 0.26427627 0.25762433 
 80  98   1 0.28946839 0.08320330 
 80  99   1 0.19560694 0.08167665 
 92 100   1 0.31497418 -0.16529702 
 94 100   1 0.04275905 -0.50542196 
 95  96   1 -0.01334275 -0.21482999 
 96  97   1 -0.11089053 -0.20140736 
 98 100   1 -0.05256905 0.02426213 
 99 100   1 -0.22643728 -0.04595486 
100 101   1 -0.16741369 0.22908889 
 92 102   1 0.44582013 -0.08399699 
101 102   1 -0.39016242 0.10107689 
100 103   1 1.21777185 -0.22133823 
100 104   1 0.56188953 0.10646903 
103 104   1 0.32449114 0.13861474 
103 105   1 0.43346124 0.12843004 
100 106   1 0.60340807 0.09474926 
104 105   1 0.48576803 0.02631620 
105 106   1 0.08772505 0.03888578 
105 107   1 0.26393271 -0.02392761 
105 108   1 0.23925444 -0.10898755 
106 107   1 0.23650958 -0.03743737 
108 109   1 0.22491849 -0.10950753 
103 110   1 0.60615045 0.08353408 
109 110   1 0.13512210 -0.13579340 
110 111   1 -0.35642327 0.00953539 
110 112   1 0.69227265 -0.31106314 
 17 113   1 0.02056113 0.05900966 
 32 113   1 0.04117307 -0.17799484 
 32 114   1 0.09371243 0.01776151 
 27 115   1 0.21973902 0.05063046 
114 115   1 0.01357855 0.00220872 
 68 116   1 1.83836331 -0.66111325 
 12 117   1 0.19935655 0.05235950 
 75 118   1 0.40207395 0.23579562 
 76 118   1 -0.06919152 -0.09532540 
  2   1   1 0.12596125 0.10791538 
  3   1   1 0.40298159 0.16524226 
  5   4   1 1.05710153 0.27447378 
  5   3   1 0.70026923 0.17171949 
  6   5   1 -0.89354183 -0.01120729 
  7   6   1 -0.35753530 0.04371987 
  9   8   1 4.46518130 0.26342132 
  5   8   1 -3.41381699 -0.92415077 
 10   9   1 4.51277419 -0.49293696 
 11   4   1 -0.64040772 0.01412077 
 11   5   1 -0.76954034 -0.00515461 
 12  11   1 -0.35726323 0.35259587 
 12   2   1 0.33043254 0.19254189 
 12   3   1 0.09726324 0.08754961 
 12   7   1 -0.16279973 0.05662057 
 13  11   1 -0.34601130 -0.12197278 
 14  12   1 -0.18710811 -0.04180683 
 15  13   1 -0.01038869 -0.02004766 
 15  14   1 -0.04163642 -0.07795278 
 16  12   1 -0.07966935 -0.06129243 
 17  15   1 1.05358396 0.25415832 
 17  16   1 0.17715171 -0.00323882 
 18  17   1 -0.81323930 -0.21687511 
 19  18   1 -0.20007519 -0.18285290 
 20  19   1 0.07209372 -0.08359530 
 19  15   1 -0.14788631 -0.16200549 
 21  20   1 0.25584253 -0.06707203 
 22  21   1 0.46200627 0.02116660 
 23  22   1 0.57422466 0.08757536 
 24  23   1 -0.08251111 -0.15240925 
 25  23   1 1.78011786 0.39162168 
 25  26   1 -1.04216881 -0.20854099 
 27  25   1 -1.41535100 -0.13777198 
 28  27   1 -0.33201812 0.00833000 
 29  28   1 -0.15558424 0.04423538 
 17  30   1 -2.38547419 -0.68937502 
 30   8   1 -0.72330495 -0.76650416 
 30  26   1 -2.31787834 -0.35332789 
 31  17   1 -0.14386635 -0.14403854 
 31  29   1 0.07515724 0.07205266 
 32  23   1 -0.90186426 -0.06173850 
 32  31   1 0.29913683 -0.14151515 
 32  27   1 -0.13678903 -0.03306862 
 33  15   1 -0.07008302 0.01346999 
 34  19   1 0.04023230 0.04535845 
 36  35   1 -0.01080455 -0.04249456 
 37  35   1 0.34799449 0.12343448 
 37  33   1 0.15619801 0.07512413 
 36  34   1 -0.30140329 -0.04867766 
 37  34   1 0.99113551 0.43890332 
 37  38   1 -2.45611631 -0.87662874 
 39  37   1 -0.53930331 -0.02319792 
 40  37   1 -0.42858426 0.02948161 
 38  30   1 -0.65291287 -0.55611932 
 40  39   1 -0.26764251 0.07750712 
 41  40   1 -0.15408641 -0.02215268 
 42  40   1 0.11923589 0.02303505 
 42  41   1 0.21802291 0.05241048 
 44  43   1 0.16550241 -0.03774110 
 43  34   1 -0.01436954 -0.05703441 
 45  44   1 0.32801383 -0.06758195 
 46  45   1 0.37246838 0.02253334 
 47  46   1 0.31904046 -0.00767941 
 48  46   1 0.14982759 0.01347672 
 49  47   1 0.09642159 0.09251599 
 49  42   1 0.68010974 0.00406347 
 49  42   2 0.68010974 0.00406347 
 49  45   1 0.52027393 0.02411028 
 49  48   1 0.35944769 -0.03693139 
 50  49   1 -0.55647273 -0.12395924 
 51  49   1 -0.64773698 -0.17386195 
 52  51   1 -0.28520858 -0.06940442 
 53  52   1 -0.10190218 -0.05417495 
 54  53   1 0.13107147 0.03050882 
 54  49   1 -0.36588357 -0.15589093 
 54  49   2 -0.36391336 -0.13779743 
 55  54   1 -0.07102250 -0.03227307 
 56  54   1 -0.18672394 -0.04928598 
 56  55   1 0.21522156 0.05480217 
 57  56   1 0.22830027 0.07664610 
 57  50   1 -0.34045748 -0.10717360 
 58  56   1 0.06310709 0.01445090 
 58  51   1 -0.18425331 -0.04552842 
 59  54   1 0.30904002 0.04260552 
 59  56   1 0.28680437 0.00989022 
 59  56   2 0.30079918 0.01131192 
 59  55   1 0.35169403 0.05875813 
 60  59   1 0.43933135 -0.04410758 
 61  59   1 0.52655317 -0.04630446 
 61  60   1 1.12648586 -0.08224273 
 62  60   1 0.09679072 0.05764411 
 62  61   1 -0.25823456 0.13246864 
 59  63   1 -1.51795933 -0.57028034 
 64  63   1 1.52278484 0.52510051 
 61  64   1 -0.30492490 -0.13696736 
 65  38   1 1.83500648 -0.08303338 
 65  64   1 1.83763792 0.40073911 
 66  49   1 1.36742160 0.08433836 
 66  49   2 1.36742160 0.08433836 
 66  62   1 0.38630367 0.14668706 
 67  62   1 0.24683998 0.12647664 
 66  65   1 -0.04533088 -0.70098676 
 67  66   1 -0.53822368 -0.18391899 
 68  65   1 -0.13884803 -0.42098554 
 69  47   1 0.58702588 -0.10070805 
 69  49   1 0.48782601 -0.12059981 
 69  68   1 1.25814755 -1.03636002 
 70  69   1 -1.04947692 -0.13989435 
 70  24   1 0.06215179 -0.06803866 
 71  70   1 -0.16668666 0.11612698 
 72  24   1 -0.01449470 -0.07982658 
 72  71   1 -0.10535326 -0.03131922 
 73  71   1 -0.06069006 0.09569203 
 74  70   1 -0.16010301 -0.15419738 
 75  70   1 0.00193093 -0.13167974 
 75  69   1 -1.05160537 -0.18311598 
 75  74   1 0.52349897 0.06436795 
 77  76   1 0.63236452 0.24331680 
 77  69   1 -0.61053412 -0.13803830 
 77  75   1 0.35412248 0.07378420 
 78  77   1 -0.45432498 -0.07816483 
 79  78   1 0.25798328 0.18054959 
 80  77   1 0.98328630 0.37518034 
 80  77   2 0.45039752 0.20584524 
 80  79   1 0.65492370 0.31073472 
 81  68   1 0.44193252 -0.75553066 
 80  81   1 0.44193252 -0.73059083 
 82  77   1 0.03148086 -0.25332056 
 83  82   1 0.47334327 -0.27279883 
 84  83   1 0.25349639 -0.16147696 
 85  83   1 0.44152779 -0.12314566 
 85  84   1 0.37774614 -0.09156971 
 86  85   1 -0.16946928 0.04832514 
 87  86   1 0.03856344 0.10927972 
 88  85   1 0.52228765 -0.07503191 
 89  85   1 0.72245862 0.03833469 
 89  88   1 0.97885431 0.07935241 
 90  89   1 -0.55834076 0.05828843 
 90  89   2 -1.06710606 0.07142967 
 91  90   1 -0.03396317 -0.06163547 
 92  89   1 -1.98125407 0.16920914 
 92  89   2 -0.62196588 0.07288070 
 92  91   1 0.08715028 0.03273306 
 93  92   1 -0.57065704 0.12407483 
 94  92   1 -0.50751271 0.15898435 
 94  93   1 -0.43764113 0.19534447 
 95  94   1 -0.40570952 -0.09024331 
 96  80   1 -0.18661613 -0.24611377 
 96  82   1 0.09983039 0.01388416 
 96  94   1 -0.19656276 0.07988965 
 97  80   1 -0.26184875 -0.27195657 
 98  80   1 -0.28741041 -0.10431228 
 99  80   1 -0.19348186 -0.12941200 
100  92   1 -0.30707902 0.15369813 
100  94   1 -0.03861247 0.45810737 
 96  95   1 0.01411360 0.20295374 
 97  96   1 0.11173810 0.18165765 
100  98   1 0.05276549 -0.07292578 
100  99   1 0.22736354 0.02795044 
101 100   1 0.16978565 -0.25136502 
102  92   1 -0.44325185 0.08133214 
102 101   1 0.39430630 -0.11104258 
103 100   1 -1.19425169 0.24345516 
104 100   1 -0.54733481 -0.09411679 
104 103   1 -0.31852082 -0.15826729 
105 103   1 -0.42243923 -0.13475971 
106 100   1 -0.58117016 -0.07127904 
105 104   1 -0.48327024 -0.02605700 
106 105   1 -0.08757814 -0.05161287 
107 105   1 -0.25996794 -0.00575852 
108 105   1 -0.23736759 0.09687869 
107 106   1 -0.23328653 0.00536502 
109 108   1 -0.22422303 0.10431663 
110 103   1 -0.59164318 -0.06153270 
110 109   1 -0.13410427 0.11958071 
111 110   1 0.35938380 -0.01844613 
112 110   1 -0.67769850 0.28998608 
113  17   1 -0.02052086 -0.06646728 
113  32   1 -0.03948886 0.13398594 
114  32   1 -0.09357529 -0.03219524 
115  27   1 -0.21883174 -0.06486545 
115 114   1 -0.01357806 -0.00475100 
116  68   1 -1.83710865 0.51069856 
117  12   1 -0.19785860 -0.08050900 
118  75   1 -0.39866593 -0.23549538 
118  76   1 0.06942681 0.08396352 
