 40  41   1 0.159754 -0.469866 0.00002767 0.00010077 
 40  42   1 0.138928 2.250033 0.00002407 0.00010077 
 59  60   1 0.441151 3.039633 0.00007643 0.00010077 
 59  61   1 0.527682 3.054587 0.00009137 0.00010077 
 69  70   1 1.058614 -0.147404 0.00018335 0.00010077 
 24  70   1 0.069447 2.540139 0.00001203 0.00010077 
 24  72   1 0.036478 -1.308496 0.00000632 0.00010077 
 69  75   1 1.080863 -0.184223 0.00018726 0.00010077 
 69  77   1 0.604673 -0.108528 0.00010472 0.00010077 
 75  77   1 0.371186 2.748830 0.00006429 0.00010077 
 80  96   1 0.272571 -0.855504 0.00004721 0.00010077 
 80  97   1 0.354836 -0.790289 0.00006145 0.00010077 
 80  98   1 0.289654 -0.297534 0.00005016 0.00010077 
 80  99   1 0.203839 -0.413100 0.00003531 0.00010077 
100 101   1 0.278980 -2.236133 0.00004831 0.00010077 
100 103   1 1.217142 0.146162 0.00021076 0.00010077 
100 104   1 0.562282 -0.221181 0.00009739 0.00010077 
103 104   1 0.349402 -0.503067 0.00006052 0.00010077 
103 105   1 0.447676 -0.387305 0.00007754 0.00010077 
100 106   1 0.600906 -0.189494 0.00010406 0.00010077 
103 110   1 0.605708 -0.236128 0.00010490 0.00010077 
114 115   1 0.014330 -0.427736 0.00000248 0.00010077 
 75 118   1 0.481922 -0.653703 0.00008348 0.00010077 
 24  23   1 0.174749 1.911971 0.00003026 0.00010077 
 40  37   1 0.442824 2.817815 0.00007669 0.00010077 
 40  39   1 0.287185 3.030565 0.00004975 0.00010077 
 59  54   1 0.316704 -0.321139 0.00005486 0.00010077 
 59  56   1 0.291340 -0.218688 0.00005045 0.00010077 
 59  56   2 0.305477 -0.221816 0.00005292 0.00010077 
 59  55   1 0.361805 -0.349860 0.00006268 0.00010077 
 59  63   1 1.645812 2.598172 0.00028510 0.00010077 
 69  47   1 0.575255 0.169757 0.00009964 0.00010077 
 69  49   1 0.485625 0.242507 0.00008409 0.00010077 
 69  68   1 1.574796 0.688983 0.00027277 0.00010077 
 75  70   1 0.136124 1.432675 0.00002358 0.00010077 
 75  69   1 1.103481 2.845745 0.00019112 0.00010077 
 75  74   1 0.545349 -0.245753 0.00009445 0.00010077 
 80  77   1 1.011964 -0.382334 0.00017531 0.00010077 
 80  77   2 0.476187 -0.446441 0.00008249 0.00010077 
 80  79   1 0.697136 -0.460681 0.00012075 0.00010077 
 80  81   1 0.820742 1.008905 0.00014219 0.00010077 
100  92   1 0.337726 -2.711490 0.00005849 0.00010077 
100  94   1 0.452122 -1.688803 0.00007829 0.00010077 
100  98   1 0.088526 0.910780 0.00001533 0.00010077 
100  99   1 0.225255 -0.156138 0.00003902 0.00010077 
103 100   1 1.206882 -3.039513 0.00020898 0.00010077 
113  17   1 0.070050 1.590825 0.00001213 0.00010077 
113  32   1 0.140667 -2.136657 0.00002436 0.00010077 
114  32   1 0.103090 2.543501 0.00001785 0.00010077 
