  1   2   1 0.18809293 1.99700465 
  1   3   1 0.44236935 2.39373800 
  4   5   1 1.06863570 2.63587873 
  3   5   1 0.71959407 2.61532189 
  5   6   1 0.88390246 -0.29039398 
  6   7   1 0.36221019 -0.15815198 
  8   9   1 4.43033652 2.78432243 
  8   5   1 3.55393243 -0.50942822 
  9  10   1 4.27573599 3.05701946 
  4  11   1 0.64358833 -0.24839014 
  5  11   1 0.77128531 -0.28239956 
 11  12   1 0.49842240 0.50092138 
  2  12   1 0.39244646 2.26644705 
  3  12   1 0.16321041 1.92243862 
  7  12   1 0.17908406 0.07658989 
 11  13   1 0.37451805 -0.61098054 
 12  14   1 0.18688119 -0.44787947 
 13  15   1 0.04047930 1.05292378 
 14  15   1 0.05362855 -0.95588052 
 12  16   1 0.08740951 -0.82607627 
 15  17   1 1.09953158 2.58870160 
 16  17   1 0.18186944 2.62330467 
 17  18   1 0.84417655 -0.57856903 
 18  19   1 0.26388283 -1.03286515 
 19  20   1 0.12280568 -3.01508876 
 15  19   1 0.20094536 -1.26147122 
 20  21   1 0.30358948 2.99371692 
 21  22   1 0.44781975 2.80949512 
 22  23   1 0.55399112 2.77681495 
 23  24   1 0.13317595 -1.05180439 
 23  25   1 1.64741650 2.82930746 
 26  25   1 0.91461341 -0.23535174 
 25  27   1 1.39655237 -0.23820144 
 27  28   1 0.33968073 -0.23324283 
 28  29   1 0.17655519 0.11586626 
 30  17   1 2.52889275 -0.57374715 
  8  30   1 0.78149296 -0.51909714 
 26  30   1 2.20693841 0.05048711 
 17  31   1 0.18821659 -0.94194462 
 29  31   1 0.12524568 2.04409324 
 23  32   1 0.93168706 -0.20704228 
 31  32   1 0.33431707 -3.04472950 
 27  32   1 0.13068906 -0.39116442 
 15  33   1 0.08802673 0.22056070 
 19  34   1 0.11434453 1.57725237 
 35  36   1 0.04204591 -1.69655198 
 35  37   1 0.36985965 2.44321995 
 33  37   1 0.19464388 2.21884527 
 34  36   1 0.31106169 -0.47669949 
 34  37   1 1.05843311 2.38065024 
 38  37   1 2.79397423 -0.66174829 
 37  39   1 0.55508181 -0.36895027 
 37  40   1 0.44590672 -0.23145021 
 30  38   1 0.66160039 -0.48756349 
 39  40   1 0.29164564 -0.06122518 
 40  41   1 0.15972677 -0.46982763 
 40  42   1 0.13894928 2.25006651 
 41  42   1 0.23738285 2.39492910 
 43  44   1 0.17035943 2.73802012 
 34  43   1 0.02195350 -1.18008217 
 44  45   1 0.33750850 3.02716386 
 45  46   1 0.37006504 2.79540575 
 46  47   1 0.30980027 2.90306610 
 46  48   1 0.15791855 2.56600089 
 47  49   1 0.14192685 2.13179561 
 42  49   1 0.66072990 2.84969096 
 42  49   2 0.66072990 2.84969096 
 45  49   1 0.50430514 2.85139106 
 48  49   1 0.34336193 3.05901466 
 49  50   1 0.53965242 -0.40189393 
 49  51   1 0.67993177 -0.45440687 
 51  52   1 0.30235269 -0.45329558 
 52  53   1 0.11038007 -0.44459900 
 53  54   1 0.14634920 2.45738891 
 49  54   1 0.38988796 -0.48987975 
 49  54   2 0.38410062 -0.44511256 
 54  55   1 0.07562205 -0.45884061 
 54  56   1 0.19927733 -0.48614236 
 55  56   1 0.23318152 2.61535047 
 56  57   1 0.25917308 2.50700489 
 50  57   1 0.36981627 -0.44177425 
 56  58   1 0.07988341 2.37819719 
 51  58   1 0.19702599 -0.40456946 
 54  59   1 0.32770656 2.64364715 
 56  59   1 0.29635982 2.73590600 
 56  59   2 0.30998295 2.75157198 
 55  59   1 0.37280019 2.64586698 
 59  60   1 0.44125821 3.03976182 
 59  61   1 0.52754217 3.05442751 
 60  61   1 1.13164908 3.09930825 
 60  62   1 0.12252359 2.39899610 
 61  62   1 0.29161585 0.39531206 
 63  59   1 1.71458174 -0.54356804 
 63  64   1 1.71458173 2.59802461 
 64  61   1 0.34143110 -0.52385541 
 38  65   1 1.97879796 2.60879696 
 64  65   1 1.97724554 2.69834893 
 49  66   1 1.29067728 3.01759383 
 49  66   2 1.29067728 3.01759383 
 62  66   1 0.41059195 2.59332573 
 62  67   1 0.28312766 2.49290319 
 65  66   1 0.72390770 -1.49294188 
 66  67   1 0.53853699 -0.39040538 
 65  68   1 0.26407974 0.96723173 
 47  69   1 0.56178656 -3.09716622 
 49  69   1 0.46578104 -3.07338429 
 68  69   1 1.68433560 -2.45247406 
 69  70   1 1.05856589 -0.14725007 
 24  70   1 0.06945757 2.54019033 
 70  71   1 0.21085871 0.51030227 
 24  72   1 0.03647083 -1.30832730 
 71  72   1 0.10785664 -0.04761314 
 71  73   1 0.12471060 0.92437086 
 70  74   1 0.21046780 -0.80081415 
 70  75   1 0.10102353 -1.71304081 
 69  75   1 1.08115989 -0.18410703 
 74  75   1 0.54651186 2.87766579 
 76  77   1 0.68577352 2.66707053 
 69  77   1 0.60461920 -0.10860870 
 75  77   1 0.37115289 2.74884751 
 77  78   1 0.45600010 -0.20133516 
 78  79   1 0.31470375 2.45865163 
 77  80   1 1.02947852 2.71525249 
 77  80   2 0.48600188 2.65118488 
 79  80   1 0.70526085 2.65614645 
 68  81   1 0.44242209 2.99552153 
 81  80   1 0.87801721 -2.13260475 
 77  82   1 0.17707105 -1.79817839 
 82  83   1 0.53766564 -2.71239668 
 83  84   1 0.29267706 -2.63349063 
 83  85   1 0.45126330 -2.89495296 
 84  85   1 0.38217528 -2.88160777 
 85  86   1 0.18965234 0.44920247 
 86  87   1 0.15808985 1.84731260 
 85  88   1 0.51738330 -2.94730706 
 85  89   1 0.72324515 -3.08748576 
 88  89   1 1.00220617 -3.06723373 
 89  90   1 0.58119470 0.25111115 
 89  90   2 1.10409924 0.21920470 
 90  91   1 0.04714621 -1.20350574 
 89  92   1 2.00549781 0.18057995 
 89  92   2 0.63478833 0.24964538 
 91  92   1 0.11074676 2.54339352 
 92  93   1 0.59384854 0.26735640 
 92  94   1 0.54892224 0.35149346 
 93  94   1 0.49508225 0.42603758 
 94  95   1 0.42273366 -0.24012961 
 80  96   1 0.27256297 -0.85543261 
 82  96   1 0.12056055 2.51022161 
 94  96   1 0.22318266 0.43772145 
 80  97   1 0.35478425 -0.79018022 
 80  98   1 0.28962135 -0.29742331 
 80  99   1 0.20385502 -0.41314362 
 92 100   1 0.35931504 0.55108832 
 94 100   1 0.51239666 1.46329020 
 95  96   1 0.22168285 1.59419161 
 96  97   1 0.23191785 2.03102797 
 98 100   1 0.05657556 -2.75355101 
 99 100   1 0.22880855 2.89026940 
100 101   1 0.27893336 -2.23598662 
 92 102   1 0.45891394 0.25346659 
101 102   1 0.40622495 -2.89355304 
100 103   1 1.21682842 0.14606557 
100 104   1 0.56228678 -0.22115892 
103 104   1 0.34941322 -0.50299922 
103 105   1 0.44767379 -0.38730894 
100 106   1 0.60079114 -0.18959670 
104 105   1 0.50108674 -0.19815659 
105 106   1 0.10026082 -0.57592520 
105 107   1 0.27834106 -0.07476563 
105 108   1 0.27381231 0.27143149 
106 107   1 0.25252862 -0.01374727 
108 109   1 0.25212281 0.28068770 
103 110   1 0.60565605 -0.23608556 
109 110   1 0.19818543 0.58160225 
110 111   1 0.36706830 2.96144079 
110 112   1 0.78012340 0.20821268 
 17 113   1 0.06279506 -1.51479848 
 32 113   1 0.18970227 1.08278885 
 32 114   1 0.09905074 -0.44820960 
 27 115   1 0.22037837 -0.49074622 
114 115   1 0.01432748 -0.42774707 
 68 116   1 1.95084620 0.30397929 
 12 117   1 0.21022158 -0.55802182 
 75 118   1 0.48196483 -0.65385576 
 76 118   1 0.12585613 2.04291576 
  2   1   1 0.17107242 -1.04658021 
  3   1   1 0.43819719 -0.72621331 
  5   4   1 1.06810218 -0.50381283 
  5   3   1 0.71328721 -0.48826060 
  6   5   1 0.88433905 2.83514626 
  7   6   1 0.36150520 2.96852510 
  9   8   1 4.27573604 -0.08457328 
  5   8   1 3.50062344 2.63216443 
 10   9   1 4.31319553 0.21549298 
 11   4   1 0.64337705 2.86627549 
 11   5   1 0.77169094 2.83682426 
 12  11   1 0.49487110 -2.64763593 
 12   2   1 0.38446523 -0.84118952 
 12   3   1 0.13412973 -1.03583446 
 12   7   1 0.17606652 -3.11065771 
 13  11   1 0.38037795 2.48461597 
 14  12   1 0.19014173 2.60020263 
 15  13   1 0.02246800 1.60710752 
 15  14   1 0.09165609 1.74049404 
 16  12   1 0.09956988 2.13014734 
 17  15   1 1.08948275 -0.51411186 
 17  16   1 0.17745141 -0.26212886 
 18  17   1 0.84779612 2.54854709 
 19  18   1 0.27122105 2.07785133 
 20  19   1 0.13755545 0.31523267 
 19  15   1 0.20888560 1.85244767 
 21  20   1 0.30734172 -0.08129817 
 22  21   1 0.44675535 -0.27917426 
 23  22   1 0.54867705 -0.29335335 
 24  23   1 0.17470952 1.91195375 
 25  23   1 1.63028020 -0.25937654 
 25  26   1 0.87802887 2.90624091 
 27  25   1 1.42533043 2.77958518 
 28  27   1 0.33963201 2.84699315 
 29  28   1 0.16882796 3.13249240 
 17  30   1 2.42773704 2.56784551 
 30   8   1 1.07097794 2.15395531 
 30  26   1 2.26071378 2.78526893 
 31  17   1 0.21429481 2.05417664 
 31  29   1 0.11963072 -1.05082242 
 32  23   1 0.93889820 2.81183208 
 32  31   1 0.34393966 0.16241362 
 32  27   1 0.13446358 2.61296475 
 33  15   1 0.07655299 3.00956107 
 34  19   1 0.05963107 -1.22275264 
 36  35   1 0.04462117 1.43306189 
 37  35   1 0.36529328 -0.66528870 
 37  33   1 0.17692694 -0.75432153 
 36  34   1 0.31194420 2.64721265 
 37  34   1 1.05431187 -0.75261405 
 37  38   1 2.61236591 2.47984436 
 39  37   1 0.55637052 2.72508673 
 40  37   1 0.44279112 2.81778427 
 38  30   1 0.86966616 2.18290136 
 40  39   1 0.28723522 3.03063446 
 41  40   1 0.16102514 2.59840458 
 42  40   1 0.12334555 -0.56317635 
 42  41   1 0.22772708 -0.60827845 
 44  43   1 0.17465250 -0.05781134 
 43  34   1 0.05978569 1.49046875 
 45  44   1 0.34150104 -0.05048183 
 46  45   1 0.36749145 -0.25681648 
 47  46   1 0.30957444 -0.13533931 
 48  46   1 0.14662501 -0.26915135 
 49  47   1 0.13005915 -0.92670534 
 49  42   1 0.66378276 -0.16214308 
 49  42   2 0.66378276 -0.16214308 
 49  45   1 0.50232826 -0.20163569 
 49  48   1 0.34466542 -0.04536696 
 50  49   1 0.54424981 2.70571544 
 51  49   1 0.68940902 2.63943920 
 52  51   1 0.30539547 2.64525694 
 53  52   1 0.12333988 2.38404404 
 54  53   1 0.13698629 -0.48657303 
 54  49   1 0.41636395 2.48273880 
 54  49   2 0.40738080 2.52354079 
 55  54   1 0.08167061 2.44953929 
 56  54   1 0.20098211 2.62159149 
 56  55   1 0.23226628 -0.51144036 
 57  56   1 0.25129674 -0.54869430 
 57  50   1 0.37854797 2.61551025 
 58  56   1 0.07152131 -0.47685753 
 58  51   1 0.20048870 2.65213980 
 59  54   1 0.31670955 -0.32104488 
 59  56   1 0.29127969 -0.21858187 
 59  56   2 0.30552711 -0.22170104 
 59  55   1 0.36186393 -0.34983798 
 60  59   1 0.44463836 -0.01824066 
 61  59   1 0.53107494 -0.01494706 
 61  60   1 1.13272579 -0.02953622 
 62  60   1 0.11456363 -0.63909389 
 62  61   1 0.28703324 -2.77608847 
 59  63   1 1.64599847 2.59802461 
 64  63   1 1.63715407 -0.42644944 
 61  64   1 0.33630963 2.61773724 
 65  38   1 1.83763896 0.00552856 
 65  64   1 1.87164669 -0.25444427 
 66  49   1 1.29028992 -0.10409493 
 66  49   2 1.29028992 -0.10409493 
 66  62   1 0.38734387 -0.41177635 
 67  62   1 0.26817307 -0.54897755 
 66  65   1 0.67685370 1.64865078 
 67  66   1 0.54803057 2.70319039 
 68  65   1 0.44040781 1.85553512 
 69  47   1 0.57527871 0.16986720 
 69  49   1 0.48550741 0.24233999 
 69  68   1 1.57485379 0.68911859 
 70  69   1 1.07592630 2.88027195 
 70  24   1 0.09364272 0.70150756 
 71  70   1 0.20578940 -2.66495023 
 72  24   1 0.08278556 1.59529684 
 72  71   1 0.11234291 2.69645803 
 73  71   1 0.11467578 -2.26670644 
 74  70   1 0.23205007 2.22954695 
 75  70   1 0.13614399 1.43270658 
 75  69   1 1.10341788 2.84582761 
 75  74   1 0.54531505 -0.24582640 
 77  76   1 0.67344255 -0.42501691 
 77  69   1 0.62216725 2.86252506 
 77  75   1 0.35955427 -0.26207998 
 78  77   1 0.45796963 2.91280301 
 79  78   1 0.31094116 -0.66591504 
 80  77   1 1.01213273 -0.38220067 
 80  77   2 0.47624530 -0.44637820 
 80  79   1 0.69716758 -0.46068387 
 81  68   1 0.87801719 1.00898787 
 80  81   1 0.82094609 1.00898791 
 82  77   1 0.25773157 1.39856506 
 83  82   1 0.55551194 0.48943674 
 84  83   1 0.30590264 0.58031819 
 85  83   1 0.46053222 0.31897166 
 85  84   1 0.38510680 0.29064326 
 86  85   1 0.18036811 -2.83077596 
 87  86   1 0.11551733 -1.19742835 
 88  85   1 0.52140242 0.24610459 
 89  85   1 0.72223609 0.11868072 
 89  88   1 1.00122296 0.09355613 
 90  89   1 0.57641235 -2.98076009 
 90  89   2 1.09812695 -3.01790577 
 91  90   1 0.06747988 1.84321500 
 92  89   1 2.00289708 -2.98822114 
 92  89   2 0.63075565 -2.95682397 
 92  91   1 0.09445714 -0.32590827 
 93  92   1 0.58939828 -2.90983471 
 94  92   1 0.53729053 -2.86087279 
 94  93   1 0.48764775 -2.75008884 
 95  94   1 0.42513347 2.87629937 
 96  80   1 0.31131524 2.17659295 
 96  82   1 0.10125137 -0.17208420 
 96  94   1 0.21381340 -2.79902591 
 97  80   1 0.37326698 2.30096737 
 98  80   1 0.29874591 2.74874206 
 99  80   1 0.23049666 2.50095019 
100  92   1 0.33766533 -2.71132553 
100  94   1 0.45200557 -1.68888307 
 96  95   1 0.20717738 -1.54285444 
 97  96   1 0.21113239 -1.05596288 
100  98   1 0.08852622 0.91075217 
100  99   1 0.22529068 -0.15612345 
101 100   1 0.30589329 0.97038051 
102  92   1 0.45627187 -2.91925335 
102 101   1 0.41384612 0.31656324 
103 100   1 1.20654640 -3.03952933 
104 100   1 0.57191386 2.82724946 
104 103   1 0.36634547 2.53632417 
105 103   1 0.45955525 2.66942877 
106 100   1 0.60938292 2.85183557 
105 104   1 0.50160214 2.92442666 
106 105   1 0.10652576 2.44650490 
107 105   1 0.27681864 2.90381200 
108 105   1 0.26662937 -2.93046555 
107 106   1 0.24852010 2.94814064 
109 108   1 0.24888939 -2.88723851 
110 103   1 0.61118193 2.83102380 
110 109   1 0.18491360 -2.63530451 
111 110   1 0.36782844 -0.12704103 
112 110   1 0.75626103 -3.00558598 
113  17   1 0.07004911 1.59091905 
113  32   1 0.14066746 -2.13670071 
114  32   1 0.10307847 2.54353789 
115  27   1 0.22550560 2.56871030 
115 114   1 0.01498256 2.53838035 
116  68   1 1.90073177 -2.91909749 
117  12   1 0.22119653 2.42856472 
118  75   1 0.48779018 2.46733228 
118  76   1 0.11560558 -1.03468859 
