 40  41   1 0.142441 0.00000000066160 -0.00000000020437 
 40  41   1 -0.072331 -0.00000000020437 0.00000000036292 
 40  42   1 -0.087274 0.00000000034721 -0.00000000018731 
 40  42   1 0.108093 -0.00000000018731 0.00000000042797 
 59  60   1 -0.438860 0.00000000580122 -0.00000000039136 
 59  60   1 0.044902 -0.00000000039136 0.00000000201614 
 59  61   1 -0.525686 0.00000000830733 -0.00000000047800 
 59  61   1 0.045854 -0.00000000047800 0.00000000286903 
 69  70   1 1.047134 0.00000003313716 -0.00000000323065 
 69  70   1 -0.155479 -0.00000000323065 0.00000001185880 
 24  70   1 -0.057260 0.00000000011407 -0.00000000004468 
 24  70   1 0.039296 -0.00000000004468 0.00000000007963 
 24  72   1 0.009459 0.00000000001529 -0.00000000000661 
 24  72   1 -0.035230 -0.00000000000661 0.00000000003813 
 69  75   1 1.062574 0.00000003428855 -0.00000000417877 
 69  75   1 -0.197995 -0.00000000417877 0.00000001264112 
 69  77   1 0.601116 0.00000001088182 -0.00000000078113 
 69  77   1 -0.065495 -0.00000000078113 0.00000000379768 
 75  77   1 -0.342922 0.00000000373218 -0.00000000096661 
 75  77   1 0.142068 -0.00000000096661 0.00000000179945 
 80  96   1 0.178762 0.00000000138853 -0.00000000072993 
 80  96   1 -0.205764 -0.00000000072993 0.00000000159457 
 80  97   1 0.249677 0.00000000251510 -0.00000000124878 
 80  97   1 -0.252131 -0.00000000124878 0.00000000253953 
 80  98   1 0.276927 0.00000000237336 -0.00000000046653 
 80  98   1 -0.084916 -0.00000000046653 0.00000000099496 
 80  99   1 0.186692 0.00000000111378 -0.00000000030327 
 80  99   1 -0.081831 -0.00000000030327 0.00000000055483 
100 101   1 -0.172221 0.00000000137862 0.00000000074977 
100 101   1 -0.219476 0.00000000074977 0.00000000174578 
100 103   1 1.204164 0.00000004379699 0.00000000423302 
100 103   1 0.177267 0.00000000423302 0.00000001566551 
100 104   1 0.548585 0.00000000918300 -0.00000000134303 
100 104   1 -0.123355 -0.00000000134303 0.00000000351227 
103 104   1 0.306114 0.00000000309948 -0.00000000102347 
103 104   1 -0.168452 -0.00000000102347 0.00000000180282 
103 105   1 0.414517 0.00000000544497 -0.00000000139096 
103 105   1 -0.169085 -0.00000000139096 0.00000000260237 
100 106   1 0.590149 0.00000001057439 -0.00000000132491 
100 106   1 -0.113188 -0.00000000132491 0.00000000392056 
103 110   1 0.588901 0.00000001060620 -0.00000000165566 
103 110   1 -0.141699 -0.00000000165566 0.00000000412368 
114 115   1 0.013039 0.00000000000546 -0.00000000000154 
114 115   1 -0.005944 -0.00000000000154 0.00000000000279 
 75 118   1 0.382568 0.00000000526365 -0.00000000222573 
 75 118   1 -0.293071 -0.00000000222573 0.00000000406328 
 24  23   1 -0.058470 0.00000000037787 -0.00000000019096 
 24  23   1 0.164677 -0.00000000019096 0.00000000084790 
 40  37   1 -0.419815 0.00000000548809 -0.00000000117354 
 40  37   1 0.140885 -0.00000000117354 0.00000000238494 
 40  39   1 -0.285417 0.00000000245502 -0.00000000018034 
 40  39   1 0.031820 -0.00000000018034 0.00000000085755 
 59  54   1 0.300513 0.00000000281081 -0.00000000059623 
 59  54   1 -0.099967 -0.00000000059623 0.00000000121679 
 59  56   1 0.284401 0.00000000246608 -0.00000000035653 
 59  56   1 -0.063206 -0.00000000035653 0.00000000094109 
 59  56   2 0.297993 0.00000000271072 -0.00000000039765 
 59  56   2 -0.067205 -0.00000000039765 0.00000000103720 
 59  55   1 0.339887 0.00000000362299 -0.00000000083694 
 59  55   1 -0.124015 -0.00000000083694 0.00000000163455 
 59  63   1 -1.408725 0.00000006690204 -0.00000002379997 
 59  63   1 0.850994 -0.00000002379997 0.00000004188116 
 69  47   1 0.566986 0.00000000974090 0.00000000109371 
 69  47   1 0.097185 0.00000000109371 0.00000000354758 
 69  49   1 0.471415 0.00000000680182 0.00000000109024 
 69  49   1 0.116617 0.00000000109024 0.00000000266432 
 69  68   1 1.215574 0.00000005450976 0.00000002415554 
 69  68   1 1.001180 0.00000002415554 0.00000004507670 
 75  70   1 0.018742 0.00000000019512 0.00000000005017 
 75  70   1 0.134828 0.00000000005017 0.00000000054908 
 75  69   1 -1.055540 0.00000003447213 -0.00000000673836 
 75  69   1 0.321721 -0.00000000673836 0.00000001441792 
 75  74   1 0.528963 0.00000000857177 -0.00000000139255 
 75  74   1 -0.132676 -0.00000000139255 0.00000000336911 
 80  77   1 0.938896 0.00000002790200 -0.00000000703861 
 80  77   1 -0.377551 -0.00000000703861 0.00000001322870 
 80  77   2 0.429516 0.00000000596507 -0.00000000175321 
 80  77   2 -0.205598 -0.00000000175321 0.00000000314166 
 80  79   1 0.624459 0.00000001267482 -0.00000000384136 
 80  79   1 -0.309918 -0.00000000384136 0.00000000684124 
 80  81   1 0.437281 0.00000001063757 0.00000000603208 
 80  81   1 0.694552 0.00000000603208 0.00000001642085 
100  92   1 -0.306967 0.00000000302720 0.00000000085742 
100  92   1 -0.140820 0.00000000085742 0.00000000155148 
100  94   1 -0.053230 0.00000000213179 0.00000000047393 
100  94   1 -0.448978 0.00000000047393 0.00000000607308 
100  98   1 0.054278 0.00000000013804 0.00000000007533 
100  98   1 0.069934 0.00000000007533 0.00000000017664 
100  99   1 0.222515 0.00000000149831 -0.00000000015476 
100  99   1 -0.035028 -0.00000000015476 0.00000000053957 
103 100   1 -1.200599 0.00000004337270 0.00000000292791 
103 100   1 -0.122984 0.00000000292791 0.00000001508974 
113  17   1 -0.001403 0.00000000004986 -0.00000000000195 
113  17   1 0.070036 -0.00000000000195 0.00000000014717 
113  32   1 -0.075417 0.00000000031380 0.00000000017773 
113  32   1 -0.118740 0.00000000017773 0.00000000048074 
114  32   1 -0.085194 0.00000000025191 -0.00000000009811 
114  32   1 0.058046 -0.00000000009811 0.00000000017476 
