  1 -0.51000000 0.01020000 
  2 -0.20000000 0.00400000 
  3 -0.39000000 0.00780000 
  4 -0.39000000 0.00780000 
  5 0.00000000 0.00100000 
  6 -0.52000000 0.01040000 
  7 -0.19000000 0.00380000 
  8 -0.28000000 0.00560000 
  9 0.00000000 0.00100000 
 10 4.50000000 0.09000000 
 11 -0.70000000 0.01400000 
 12 0.38000000 0.00760000 
 13 -0.34000000 0.00680000 
 14 -0.14000000 0.00280000 
 15 -0.90000000 0.01800000 
 16 -0.25000000 0.00500000 
 17 -0.11000000 0.00220000 
 18 -0.60000000 0.01200000 
 19 -0.45000000 0.00900000 
 20 -0.18000000 0.00360000 
 21 -0.14000000 0.00280000 
 22 -0.10000000 0.00200000 
 23 -0.07000000 0.00140000 
 24 -0.13000000 0.00260000 
 25 2.20000000 0.04400000 
 26 3.14000000 0.06280000 
 27 -0.71000000 0.01420000 
 28 -0.17000000 0.00340000 
 29 -0.24000000 0.00480000 
 30 0.00000000 0.00100000 
 31 -0.36000000 0.00720000 
 32 -0.59000000 0.01180000 
 33 -0.23000000 0.00460000 
 34 -0.59000000 0.01180000 
 35 -0.33000000 0.00660000 
 36 -0.31000000 0.00620000 
 37 0.00000000 0.00100000 
 38 0.00000000 0.00100000 
 39 -0.27000000 0.00540000 
 40 -0.66000000 0.01320000 
 41 -0.37000000 0.00740000 
 42 -0.96000000 0.01920000 
 43 -0.18000000 0.00360000 
 44 -0.16000000 0.00320000 
 45 -0.53000000 0.01060000 
 46 -0.09000000 0.00180000 
 47 -0.34000000 0.00680000 
 48 -0.20000000 0.00400000 
 49 1.17000000 0.02340000 
 50 -0.17000000 0.00340000 
 51 -0.17000000 0.00340000 
 52 -0.18000000 0.00360000 
 53 -0.23000000 0.00460000 
 54 -0.65000000 0.01300000 
 55 -0.63000000 0.01260000 
 56 -0.84000000 0.01680000 
 57 -0.12000000 0.00240000 
 58 -0.12000000 0.00240000 
 59 -1.22000000 0.02440000 
 60 -0.78000000 0.01560000 
 61 1.60000000 0.03200000 
 62 -0.77000000 0.01540000 
 63 0.00000000 0.00100000 
 64 0.00000000 0.00100000 
 65 3.91000000 0.07820000 
 66 3.53000000 0.07060000 
 67 -0.28000000 0.00560000 
 68 0.00000000 0.00100000 
 69 5.13862764 0.10277255 
 70 -0.66000000 0.01320000 
 71 0.00000000 0.00100000 
 72 -0.12000000 0.00240000 
 73 -0.06000000 0.00120000 
 74 -0.68000000 0.01360000 
 75 -0.47000000 0.00940000 
 76 -0.68000000 0.01360000 
 77 -0.61000000 0.01220000 
 78 -0.71000000 0.01420000 
 79 -0.39000000 0.00780000 
 80 3.47000000 0.06940000 
 81 0.00000000 0.00100000 
 82 -0.54000000 0.01080000 
 83 -0.20000000 0.00400000 
 84 -0.11000000 0.00220000 
 85 -0.24000000 0.00480000 
 86 -0.21000000 0.00420000 
 87 0.04000000 0.00080000 
 88 -0.48000000 0.00960000 
 89 6.07000000 0.12140000 
 90 -1.63000000 0.03260000 
 91 -0.10000000 0.00200000 
 92 -0.65000000 0.01300000 
 93 -0.12000000 0.00240000 
 94 -0.30000000 0.00600000 
 95 -0.42000000 0.00840000 
 96 -0.38000000 0.00760000 
 97 -0.15000000 0.00300000 
 98 -0.34000000 0.00680000 
 99 -0.42000000 0.00840000 
100 2.15000000 0.04300000 
101 -0.22000000 0.00440000 
102 -0.05000000 0.00100000 
103 0.17000000 0.00340000 
104 -0.38000000 0.00760000 
105 -0.31000000 0.00620000 
106 -0.43000000 0.00860000 
107 -0.50000000 0.01000000 
108 -0.02000000 0.00040000 
109 -0.08000000 0.00160000 
110 -0.39000000 0.00780000 
111 0.36000000 0.00720000 
112 -0.68000000 0.01360000 
113 -0.06000000 0.00120000 
114 -0.08000000 0.00160000 
115 -0.22000000 0.00440000 
116 -1.84000000 0.03680000 
117 -0.20000000 0.00400000 
118 -0.33000000 0.00660000 
