 41   1   1 0.96677385 0.00000001253851 0.00000000002469 
 41   1   0 -0.40052296 0.00000000002469 0.00000001021663 
 42   2   1 0.98494013 0.00000001245211 -0.00000000004982 
 42   2   0 -0.37257518 -0.00000000004982 0.00000000977856 
 60   3   1 0.99311336 0.00000001289966 -0.00000000018488 
 60   3   0 -0.11831754 -0.00000000018488 0.00000001007391 
 61   4   1 0.99494142 0.00000001291287 -0.00000000022307 
 61   4   0 -0.10271816 -0.00000000022307 0.00000001010734 
 70   5   1 0.98388956 0.00000001422263 0.00000000053310 
 70   5   0 -0.12899257 0.00000000053310 0.00000001168680 
 70   6   1 0.98413739 0.00000001258570 -0.00000000007277 
 70   6   0 -0.12880796 -0.00000000007277 0.00000000991507 
 72   7   1 0.98013774 0.00000001299726 0.00000000000425 
 72   7   0 -0.15514071 0.00000000000425 0.00000001030547 
 75   8   1 0.96724211 0.00000001426401 0.00000000056924 
 75   8   0 -0.12350073 0.00000000056924 0.00000001206804 
 77   9   1 1.00590387 0.00000001417308 0.00000000022098 
 77   9   0 -0.05685971 0.00000000022098 0.00000001075815 
 77  10   1 1.00587798 0.00000001244216 -0.00000000013422 
 77  10   0 -0.05678611 -0.00000000013422 0.00000000944476 
 96  11   1 0.99224953 0.00000001435175 0.00000000011291 
 96  11   0 -0.04305252 0.00000000011291 0.00000001109741 
 97  12   1 1.01112874 0.00000001441240 0.00000000007502 
 97  12   0 -0.03653741 0.00000000007502 0.00000001073596 
 98  13   1 1.02347396 0.00000001438882 0.00000000010016 
 98  13   0 -0.04495840 0.00000000010016 0.00000001047930 
 99  14   1 1.00997489 0.00000001428524 0.00000000013379 
 99  14   0 -0.05135480 0.00000000013379 0.00000001069283 
101  15   1 0.99158750 0.00000001375484 -0.00000000010271 
101  15   0 -0.00600057 -0.00000000010271 0.00000001067164 
103  16   1 1.01015843 0.00000001378315 0.00000000021697 
103  16   0 -0.09902483 0.00000000021697 0.00000001041104 
104  17   1 0.97114221 0.00000001376191 0.00000000044788 
104  17   0 -0.14384755 0.00000000044788 0.00000001147350 
104  18   1 0.97099449 0.00000001356473 0.00000000018448 
104  18   0 -0.14402874 0.00000000018448 0.00000001100304 
105  19   1 0.96499662 0.00000001358818 0.00000000027046 
105  19   0 -0.16330522 0.00000000027046 0.00000001121977 
106  20   1 0.96129283 0.00000001377246 0.00000000056312 
106  20   0 -0.16768803 0.00000000056312 0.00000001189618 
110  21   1 0.97298981 0.00000001359251 0.00000000041612 
110  21   0 -0.20693854 0.00000000041612 0.00000001127440 
115  22   1 0.95997266 0.00000001229003 0.00000000000045 
115  22   0 -0.26685467 0.00000000000045 0.00000001015511 
118  23   1 0.94932094 0.00000001248034 0.00000000006047 
118  23   0 -0.14073685 0.00000000006047 0.00000001054791 
 23  24   1 0.99961125 0.00000001309102 -0.00000000000595 
 23  24   0 -0.15269628 -0.00000000000595 0.00000000997911 
 37  25   1 0.99060397 0.00000001251709 -0.00000000018947 
 37  25   0 -0.31472545 -0.00000000018947 0.00000000985962 
 39  26   1 0.96990453 0.00000001253586 -0.00000000005748 
 39  26   0 -0.37390665 -0.00000000005748 0.00000001015680 
 54  27   1 0.95496589 0.00000001280793 0.00000000026271 
 54  27   0 -0.25587551 0.00000000026271 0.00000001084458 
 56  28   1 0.95396040 0.00000001280394 0.00000000027317 
 56  28   0 -0.25769358 0.00000000027317 0.00000001087522 
 56  29   1 0.95396771 0.00000001282362 0.00000000027390 
 56  29   0 -0.25766465 0.00000000027390 0.00000001089045 
 55  30   1 0.95197517 0.00000001283706 0.00000000028680 
 55  30   0 -0.26092453 0.00000000028680 0.00000001095713 
 63  31   1 0.96868064 0.00000001196218 -0.00000000014445 
 63  31   0 -0.12533002 -0.00000000014445 0.00000000979154 
 47  32   1 1.01694996 0.00000001419840 0.00000000050872 
 47  32   0 -0.16072710 0.00000000050872 0.00000001120362 
 49  33   1 1.02494818 0.00000001409792 0.00000000045763 
 49  33   0 -0.15688424 0.00000000045763 0.00000001092368 
 68  34   1 1.00314733 0.00000001253772 0.00000000009520 
 68  34   0 -0.04206008 0.00000000009520 0.00000000951511 
 70  35   1 0.98387558 0.00000001242441 0.00000000001641 
 70  35   0 -0.12893108 0.00000000001641 0.00000000976817 
 69  36   1 1.03488327 0.00000001258352 -0.00000000015725 
 69  36   0 -0.00006965 -0.00000000015725 0.00000000921457 
 74  37   1 0.95788072 0.00000001247673 0.00000000007254 
 74  37   0 -0.14550749 0.00000000007254 0.00000001036568 
 77  38   1 1.00597196 0.00000001443078 0.00000000016044 
 77  38   0 -0.05686457 0.00000000016044 0.00000001089233 
 77  39   1 1.00597339 0.00000001442913 0.00000000016013 
 77  39   0 -0.05686864 0.00000000016013 0.00000001089095 
 79  40   1 1.00919657 0.00000001443972 0.00000000015725 
 79  40   0 -0.05696416 0.00000000015725 0.00000001083126 
 81  41   1 0.99676943 0.00000001262695 0.00000000003748 
 81  41   0 -0.03253004 0.00000000003748 0.00000000967586 
 92  42   1 0.99019144 0.00000001367688 -0.00000000035523 
 92  42   0 0.06789479 -0.00000000035523 0.00000001091275 
 94  43   1 0.98998828 0.00000001376228 -0.00000000003953 
 94  43   0 -0.02284165 -0.00000000003953 0.00000001069189 
 98  44   1 1.02367011 0.00000001367786 0.00000000003521 
 98  44   0 -0.04464062 0.00000000003521 0.00000000994575 
 99  45   1 1.01016158 0.00000001376959 0.00000000005889 
 99  45   0 -0.05103268 0.00000000005889 0.00000001028774 
100  46   1 1.01699794 0.00000001359625 -0.00000000019232 
100  46   0 -0.03386502 -0.00000000019232 0.00000001012463 
 17  47   1 0.99502412 0.00000001314443 -0.00000000000003 
 17  47   0 -0.27919685 -0.00000000000003 0.00000001010904 
 32  48   1 0.96293768 0.00000001302965 -0.00000000006347 
 32  48   0 -0.26059778 -0.00000000006347 0.00000001069999 
 32  49   1 0.96294963 0.00000001227870 -0.00000000001703 
 32  49   0 -0.26087536 -0.00000000001703 0.00000001008386 
