  1 -0.30104097 0.00602082 
  2 -0.09000000 0.00180000 
  3 -0.10000000 0.00200000 
  4 -0.27009647 0.00540193 
  5 0.00000000 0.00100000 
  6 -0.06070234 0.00121405 
  7 -0.02000000 0.00040000 
  8 0.63138382 0.01262768 
  9 0.00000000 0.00100000 
 10 -0.51042169 0.01020843 
 11 -0.23000000 0.00460000 
 12 0.81291733 0.01625835 
 13 -0.16000000 0.00320000 
 14 -0.01000000 0.00020000 
 15 -0.22839563 0.00456791 
 16 -0.10000000 0.00200000 
 17 -0.03000000 0.00060000 
 18 -0.05573687 0.00111474 
 19 -0.39274175 0.00785483 
 20 -0.03000000 0.00060000 
 21 -0.08000000 0.00160000 
 22 -0.05000000 0.00100000 
 23 -0.03000000 0.00060000 
 24 -0.14907625 0.00298153 
 25 0.50043251 0.01000865 
 26 0.10124697 0.00202494 
 27 -0.09017651 0.00180353 
 28 -0.07000000 0.00140000 
 29 -0.04000000 0.00080000 
 30 0.00000000 0.00100000 
 31 0.05586011 0.00111720 
 32 -0.39284780 0.00785696 
 33 -0.09000000 0.00180000 
 34 -0.46827198 0.00936544 
 35 -0.09000000 0.00180000 
 36 -0.09274934 0.00185499 
 37 0.00000000 0.00100000 
 38 0.00000000 0.00100000 
 39 -0.11000000 0.00220000 
 40 0.05454061 0.00109081 
 41 -0.10000000 0.00200000 
 42 0.18029571 0.00360591 
 43 -0.07000000 0.00140000 
 44 -0.08000000 0.00160000 
 45 -0.22000000 0.00440000 
 46 -0.15029469 0.00300589 
 47 0.00000000 0.00100000 
 48 -0.11000000 0.00220000 
 49 0.85845106 0.01716902 
 50 -0.04000000 0.00080000 
 51 -0.08000000 0.00160000 
 52 -0.05000000 0.00100000 
 53 -0.11000000 0.00220000 
 54 -0.28098935 0.00561979 
 55 -0.17335828 0.00346717 
 56 -0.20285749 0.00405715 
 57 -0.03000000 0.00060000 
 58 -0.03000000 0.00060000 
 59 -0.36166048 0.00723321 
 60 -0.03000000 0.00060000 
 61 -0.40394012 0.00807880 
 62 -0.12741627 0.00254833 
 63 0.00000000 0.00100000 
 64 0.00000000 0.00100000 
 65 0.81510104 0.01630202 
 66 -0.19956585 0.00399132 
 67 -0.07000000 0.00140000 
 68 0.00000000 0.00100000 
 69 -0.82424055 0.01648481 
 70 -0.10330722 0.00206614 
 71 0.00000000 0.00100000 
 72 -0.11130057 0.00222601 
 73 0.09651368 0.00193027 
 74 -0.32625216 0.00652504 
 75 -0.11000000 0.00220000 
 76 -0.30731902 0.00614638 
 77 -0.15829643 0.00316593 
 78 -0.26000000 0.00520000 
 79 -0.32000000 0.00640000 
 80 0.79466456 0.01589329 
 81 0.00000000 0.00100000 
 82 -0.27000000 0.00540000 
 83 -0.10000000 0.00200000 
 84 -0.07000000 0.00140000 
 85 -0.20606594 0.00412132 
 86 -0.10000000 0.00200000 
 87 0.11021607 0.00220432 
 88 -0.10000000 0.00200000 
 89 -0.05904955 0.00118099 
 90 0.17308407 0.00346168 
 91 -0.13088023 0.00261760 
 92 -0.23956251 0.00479125 
 93 -0.07000000 0.00140000 
 94 -0.16000000 0.00320000 
 95 -0.31000000 0.00620000 
 96 -0.15000000 0.00300000 
 97 -0.09000000 0.00180000 
 98 -0.08000000 0.00160000 
 99 -0.17535590 0.00350712 
100 0.77552110 0.01551042 
101 -0.15000000 0.00300000 
102 -0.03000000 0.00060000 
103 0.59422364 0.01188447 
104 -0.22611748 0.00452235 
105 -0.44334525 0.00886691 
106 -0.16000000 0.00320000 
107 -0.05442181 0.00108844 
108 -0.01000000 0.00020000 
109 -0.03000000 0.00060000 
110 -0.29719166 0.00594383 
111 -0.01843825 0.00036876 
112 0.28511693 0.00570234 
113 0.06752607 0.00135052 
114 -0.03000000 0.00060000 
115 -0.07000000 0.00140000 
116 0.51322453 0.01026449 
117 -0.08000000 0.00160000 
118 -0.15000000 0.00300000 
