  1   2   1 -0.13041200 0.00260824 
  1   3   1 -0.17062897 0.00341258 
  4   5   1 -0.26791948 0.00535839 
  3   5   1 -0.14488879 0.00289778 
  5   6   1 0.04106445 0.00082129 
  6   7   1 -0.04771514 0.00095430 
  8   9   1 -0.89733643 0.01794673 
  8   5   1 1.24726829 0.02494537 
  9  10   1 -0.24428889 0.00488578 
  4  11   1 -0.00217700 0.00004354 
  5  11   1 0.02965981 0.00059320 
 11  12   1 -0.35136743 0.00702735 
  2  12   1 -0.20006365 0.00400127 
  3  12   1 -0.12396019 0.00247920 
  7  12   1 -0.06505182 0.00130104 
 11  13   1 0.11408272 0.00228165 
 12  14   1 0.02622997 0.00052460 
 13  15   1 -0.03843613 0.00076872 
 14  15   1 0.03140519 0.00062810 
 12  16   1 0.04303154 0.00086063 
 15  17   1 -0.24268527 0.00485371 
 16  17   1 -0.03684658 0.00073693 
 17  18   1 0.24763040 0.00495261 
 18  19   1 0.16831176 0.00336624 
 19  20   1 0.05166545 0.00103331 
 15  19   1 0.15719204 0.00314384 
 20  21   1 0.04713017 0.00094260 
 21  22   1 -0.02099430 0.00041989 
 22  23   1 -0.06757858 0.00135157 
 23  24   1 0.10418759 0.00208375 
 23  25   1 -0.26158672 0.00523173 
 26  25   1 0.21584617 0.00431692 
 25  27   1 0.30056487 0.00601130 
 27  28   1 -0.00592058 0.00011841 
 28  29   1 -0.06567856 0.00131357 
 30  17   1 0.92969563 0.01859391 
  8  30   1 0.28145196 0.00562904 
 26  30   1 -0.11459920 0.00229198 
 17  31   1 0.11521757 0.00230435 
 29  31   1 -0.08643944 0.00172879 
 23  32   1 0.05054212 0.00101084 
 31  32   1 0.12396555 0.00247931 
 27  32   1 0.01764248 0.00035285 
 15  33   1 -0.04418510 0.00088370 
 19  34   1 -0.10397193 0.00207944 
 35  36   1 0.04036170 0.00080723 
 35  37   1 -0.13036170 0.00260723 
 33  37   1 -0.10492200 0.00209844 
 34  36   1 0.04695485 0.00093910 
 34  37   1 -0.44197099 0.00883942 
 38  37   1 1.13604750 0.02272095 
 37  39   1 0.02979512 0.00059590 
 37  40   1 -0.03675044 0.00073501 
 30  38   1 0.19025973 0.00380519 
 39  40   1 -0.08701922 0.00174038 
 40  41   1 0.01192596 0.00023852 
 40  42   1 -0.06446930 0.00128939 
 41  42   1 -0.07786499 0.00155730 
 43  44   1 -0.01330189 0.00026604 
 34  43   1 0.01633434 0.00032669 
 44  45   1 0.05484044 0.00109681 
 45  46   1 -0.03566867 0.00071337 
 46  47   1 -0.01218170 0.00024363 
 46  48   1 -0.05830771 0.00116615 
 47  49   1 -0.10836989 0.00216740 
 42  49   1 0.05244827 0.00104897 
 42  49   2 0.05244827 0.00104897 
 45  49   1 -0.02082978 0.00041660 
 48  49   1 0.03206719 0.00064134 
 49  50   1 0.13427130 0.00268543 
 49  51   1 0.20442802 0.00408856 
 51  52   1 0.06245682 0.00124914 
 52  53   1 0.01994300 0.00039886 
 53  54   1 -0.05551029 0.00111021 
 49  54   1 0.13069961 0.00261399 
 49  54   2 0.11198036 0.00223961 
 54  55   1 0.01456819 0.00029136 
 54  56   1 0.04346376 0.00086928 
 55  56   1 -0.05823923 0.00116478 
 56  57   1 -0.09103555 0.00182071 
 50  57   1 0.09140970 0.00182819 
 56  58   1 -0.03692838 0.00073857 
 51  58   1 0.03158683 0.00063174 
 54  59   1 -0.07506628 0.00150133 
 56  59   1 -0.04173609 0.00083472 
 56  59   2 -0.03906741 0.00078135 
 55  59   1 -0.08261744 0.00165235 
 59  60   1 0.03574265 0.00071485 
 59  61   1 0.05032183 0.00100644 
 60  61   1 0.08519138 0.00170383 
 60  62   1 -0.07114232 0.00142285 
 61  62   1 -0.13857692 0.00277154 
 63  59   1 0.67482780 0.01349656 
 63  64   1 -0.67482779 0.01349656 
 64  61   1 0.13986295 0.00279726 
 38  65   1 -0.57625798 0.01152516 
 64  65   1 -0.66492137 0.01329843 
 49  66   1 0.04325727 0.00086515 
 49  66   2 0.04325727 0.00086515 
 62  66   1 -0.17264633 0.00345293 
 62  67   1 -0.14414099 0.00288282 
 65  66   1 0.72249684 0.01444994 
 66  67   1 0.19272528 0.00385451 
 65  68   1 -0.22433061 0.00448661 
 47  69   1 0.11631806 0.00232636 
 49  69   1 0.10647514 0.00212950 
 68  69   1 1.12819650 0.02256393 
 69  70   1 0.16074711 0.00321494 
 24  70   1 -0.02974083 0.00059482 
 70  71   1 -0.12376655 0.00247533 
 24  72   1 0.03307058 0.00066141 
 71  72   1 -0.00939706 0.00018794 
 71  73   1 -0.10738398 0.00214768 
 70  74   1 0.12892635 0.00257853 
 70  75   1 0.09939823 0.00198796 
 69  75   1 0.20485399 0.00409708 
 74  75   1 -0.06190482 0.00123810 
 76  77   1 -0.21040008 0.00420800 
 69  77   1 0.06783171 0.00135663 
 75  77   1 -0.09554053 0.00191081 
 77  78   1 0.06611280 0.00132226 
 78  79   1 -0.18371705 0.00367434 
 77  80   1 -0.37414984 0.00748300 
 77  80   2 -0.20545661 0.00410913 
 79  80   1 -0.29583630 0.00591673 
 68  81   1 -0.04614243 0.00092285 
 81  80   1 0.75539208 0.01510784 
 77  82   1 0.17554541 0.00351091 
 82  83   1 0.24393510 0.00487870 
 83  84   1 0.14686553 0.00293731 
 83  85   1 0.11996146 0.00239923 
 84  85   1 0.08991873 0.00179837 
 85  86   1 -0.07353673 0.00147073 
 86  87   1 -0.15090966 0.00301819 
 85  88   1 0.07599658 0.00151993 
 85  89   1 0.00676971 0.00013539 
 88  89   1 -0.02469514 0.00049390 
 89  90   1 -0.04724322 0.00094486 
 89  90   2 -0.05442054 0.00108841 
 90  91   1 0.04423923 0.00088478 
 89  92   1 -0.02104016 0.00042080 
 89  92   2 -0.05066756 0.00101335 
 91  92   1 -0.06625756 0.00132515 
 92  93   1 -0.11658284 0.00233166 
 92  94   1 -0.15214382 0.00304288 
 93  94   1 -0.19501458 0.00390029 
 94  95   1 0.09014241 0.00180285 
 80  96   1 0.21066501 0.00421330 
 82  96   1 -0.06568702 0.00131374 
 94  96   1 -0.09821666 0.00196433 
 80  97   1 0.25753253 0.00515065 
 80  98   1 0.08318119 0.00166362 
 80  99   1 0.08168405 0.00163368 
 92 100   1 -0.16532280 0.00330646 
 94 100   1 -0.50537593 0.01010752 
 95  96   1 -0.21688654 0.00433773 
 96  97   1 -0.20161098 0.00403222 
 98 100   1 0.02428843 0.00048577 
 99 100   1 -0.04594096 0.00091882 
100 101   1 0.22899813 0.00457996 
 92 102   1 -0.08389916 0.00167798 
101 102   1 0.10127839 0.00202557 
100 103   1 -0.22148491 0.00442970 
100 104   1 0.10646994 0.00212940 
103 104   1 0.13867100 0.00277342 
103 105   1 0.12848519 0.00256970 
100 106   1 0.09475984 0.00189520 
104 105   1 0.02632339 0.00052647 
105 106   1 0.03879889 0.00077598 
105 107   1 -0.02374935 0.00047499 
105 108   1 -0.11128459 0.00222569 
106 107   1 -0.03725338 0.00074507 
108 109   1 -0.10922315 0.00218446 
103 110   1 0.08348918 0.00166978 
109 110   1 -0.13392925 0.00267859 
110 111   1 0.00956135 0.00019123 
110 112   1 -0.30614153 0.00612283 
 17 113   1 0.05900617 0.00118012 
 32 113   1 -0.17798576 0.00355972 
 32 114   1 0.01777731 0.00035555 
 27 115   1 0.05060385 0.00101208 
114 115   1 0.00220746 0.00004415 
 68 116   1 -0.66358020 0.01327160 
 12 117   1 0.05197252 0.00103945 
 75 118   1 0.23587662 0.00471753 
 76 118   1 -0.09691894 0.00193838 
  2   1   1 0.11006365 0.00220127 
  3   1   1 0.16884898 0.00337698 
  5   4   1 0.27492804 0.00549856 
  5   3   1 0.17283517 0.00345670 
  6   5   1 -0.01298720 0.00025974 
  7   6   1 0.04505182 0.00090104 
  9   8   1 0.24428925 0.00488578 
  5   8   1 -0.92007676 0.01840154 
 10   9   1 -0.51042169 0.01020843 
 11   4   1 0.01349061 0.00026981 
 11   5   1 -0.00620590 0.00012412 
 12  11   1 0.35130636 0.00702613 
 12   2   1 0.19424047 0.00388481 
 12   3   1 0.08857320 0.00177146 
 12   7   1 0.05756328 0.00115127 
 13  11   1 -0.12156387 0.00243128 
 14  12   1 -0.04140518 0.00082810 
 15  13   1 -0.02039960 0.00040799 
 15  14   1 -0.07831770 0.00156635 
 16  12   1 -0.06315342 0.00126307 
 17  15   1 0.25219619 0.00504392 
 17  16   1 -0.00303828 0.00006077 
 18  17   1 -0.22404863 0.00448097 
 19  18   1 -0.17547263 0.00350945 
 20  19   1 -0.07713017 0.00154260 
 19  15   1 -0.16496264 0.00329925 
 21  20   1 -0.05900570 0.00118011 
 22  21   1 0.01757860 0.00035157 
 23  22   1 0.07685715 0.00153714 
 24  23   1 -0.15240601 0.00304812 
 25  23   1 0.38626410 0.00772528 
 25  26   1 -0.18639646 0.00372793 
 27  25   1 -0.15250226 0.00305005 
 28  27   1 -0.00432144 0.00008643 
 29  28   1 0.04643944 0.00092879 
 17  30   1 -0.70101203 0.01402024 
 30   8   1 -0.75423452 0.01508469 
 30  26   1 -0.36572010 0.00731440 
 31  17   1 -0.14730996 0.00294620 
 31  29   1 0.07920452 0.00158409 
 32  23   1 -0.06235522 0.00124710 
 32  31   1 -0.13600927 0.00272019 
 32  27   1 -0.03427486 0.00068550 
 33  15   1 0.01492203 0.00029844 
 34  19   1 0.04596567 0.00091931 
 36  35   1 -0.04291761 0.00085835 
 37  35   1 0.12427478 0.00248550 
 37  33   1 0.07458992 0.00149180 
 36  34   1 -0.04983173 0.00099663 
 37  34   1 0.44286861 0.00885737 
 37  38   1 -0.88013042 0.01760261 
 39  37   1 -0.02298077 0.00045962 
 40  37   1 0.02959925 0.00059198 
 38  30   1 -0.55978796 0.01119576 
 40  39   1 0.07748471 0.00154969 
 41  40   1 -0.02213500 0.00044270 
 42  40   1 0.02301695 0.00046034 
 42  41   1 0.05238222 0.00104764 
 44  43   1 -0.03792897 0.00075858 
 43  34   1 -0.05669807 0.00113396 
 45  44   1 -0.06620646 0.00132413 
 46  45   1 0.02119722 0.00042394 
 47  46   1 -0.00794801 0.00015896 
 48  46   1 0.01418668 0.00028373 
 49  47   1 0.09280251 0.00185605 
 49  42   1 0.00370171 0.00007403 
 49  42   2 0.00370171 0.00007403 
 49  45   1 0.02312777 0.00046256 
 49  48   1 -0.03925160 0.00078503 
 50  49   1 -0.13140970 0.00262819 
 51  49   1 -0.17404365 0.00348087 
 52  51   1 -0.06994300 0.00139886 
 53  52   1 -0.05448971 0.00108979 
 54  53   1 0.02993250 0.00059865 
 54  49   1 -0.15598873 0.00311977 
 54  49   2 -0.13789879 0.00275798 
 55  54   1 -0.03250161 0.00065003 
 56  54   1 -0.04975039 0.00099501 
 56  55   1 0.05566033 0.00111321 
 57  56   1 0.07491332 0.00149827 
 57  50   1 -0.10491332 0.00209827 
 58  56   1 0.01532992 0.00030660 
 58  51   1 -0.04532992 0.00090660 
 59  54   1 0.04256954 0.00085139 
 59  56   1 0.00987433 0.00019749 
 59  56   2 0.01129541 0.00022591 
 59  55   1 0.05878415 0.00117568 
 60  59   1 -0.04404907 0.00088098 
 61  59   1 -0.04625793 0.00092516 
 61  60   1 -0.08227351 0.00164547 
 62  60   1 0.05737834 0.00114757 
 62  61   1 0.13199271 0.00263985 
 59  63   1 -0.57024839 0.01140497 
 64  63   1 0.52505842 0.01050117 
 61  64   1 -0.13683176 0.00273664 
 65  38   1 -0.08370221 0.00167404 
 65  64   1 0.40063702 0.00801274 
 66  49   1 0.08324884 0.00166498 
 66  49   2 0.08324884 0.00166498 
 66  62   1 0.14675719 0.00293514 
 67  62   1 0.12147086 0.00242942 
 66  65   1 -0.70554599 0.01411092 
 67  66   1 -0.19147086 0.00382942 
 68  65   1 -0.41847353 0.00836947 
 69  47   1 -0.10065552 0.00201311 
 69  49   1 -0.12058743 0.00241175 
 69  68   1 -1.03643042 0.02072861 
 70  69   1 -0.13984727 0.00279695 
 70  24   1 -0.06801797 0.00136036 
 71  70   1 0.11678111 0.00233562 
 72  24   1 -0.07982365 0.00159647 
 72  71   1 -0.03147691 0.00062954 
 73  71   1 0.09651368 0.00193027 
 74  70   1 -0.15421567 0.00308431 
 75  70   1 -0.13168220 0.00263364 
 75  69   1 -0.18307724 0.00366154 
 75  74   1 0.06442347 0.00128847 
 77  76   1 0.24391730 0.00487835 
 77  69   1 -0.13802838 0.00276057 
 77  75   1 0.07376289 0.00147526 
 78  77   1 -0.07628295 0.00152566 
 79  78   1 0.17954254 0.00359085 
 80  77   1 0.37531243 0.00750625 
 80  77   2 0.20591188 0.00411824 
 80  79   1 0.31083333 0.00621667 
 81  68   1 -0.75539205 0.01510784 
 80  81   1 -0.73045584 0.01460912 
 82  77   1 -0.25280369 0.00505607 
 83  82   1 -0.26992714 0.00539854 
 84  83   1 -0.15991873 0.00319837 
 85  83   1 -0.12290417 0.00245808 
 85  84   1 -0.09239133 0.00184783 
 86  85   1 0.05090966 0.00101819 
 87  86   1 0.11021607 0.00220432 
 88  85   1 -0.07530485 0.00150610 
 89  85   1 0.03733561 0.00074671 
 89  88   1 0.07698632 0.00153973 
 90  89   1 0.05813202 0.00116264 
 90  89   2 0.07071283 0.00141426 
 91  90   1 -0.06462266 0.00129245 
 92  89   1 0.16960289 0.00339206 
 92  89   2 0.07291614 0.00145832 
 92  91   1 0.03586707 0.00071734 
 93  92   1 0.12501458 0.00250029 
 94  92   1 0.15905428 0.00318109 
 94  93   1 0.19439592 0.00388792 
 95  94   1 -0.09311345 0.00186227 
 96  80   1 -0.24616574 0.00492331 
 96  82   1 0.01294406 0.00025888 
 96  94   1 0.07976967 0.00159539 
 97  80   1 -0.27187037 0.00543741 
 98  80   1 -0.10428840 0.00208577 
 99  80   1 -0.12941493 0.00258830 
100  92   1 0.15372895 0.00307458 
100  94   1 0.45806083 0.00916122 
 96  95   1 0.20506303 0.00410126 
 97  96   1 0.18187038 0.00363741 
100  98   1 -0.07295056 0.00145901 
100  99   1 0.02793889 0.00055878 
101 100   1 -0.25127839 0.00502557 
102  92   1 0.08127002 0.00162540 
102 101   1 -0.11127002 0.00222540 
103 100   1 0.24357827 0.00487157 
104 100   1 -0.09412393 0.00188248 
104 103   1 -0.15831695 0.00316634 
105 103   1 -0.13480445 0.00269609 
106 100   1 -0.07123010 0.00142460 
105 104   1 -0.02606074 0.00052121 
106 105   1 -0.05151652 0.00103033 
107 105   1 -0.00554886 0.00011098 
108 105   1 0.09922315 0.00198446 
107 106   1 0.00550529 0.00011011 
109 108   1 0.10392925 0.00207859 
110 103   1 -0.06152420 0.00123048 
110 109   1 0.11771645 0.00235433 
111 110   1 -0.01843825 0.00036876 
112 110   1 0.28511693 0.00570234 
113  17   1 -0.06646220 0.00132924 
113  32   1 0.13398827 0.00267977 
114  32   1 -0.03220746 0.00064415 
115  27   1 -0.06525083 0.00130502 
115 114   1 -0.00474917 0.00009498 
116  68   1 0.51322453 0.01026449 
117  12   1 -0.08000000 0.00160000 
118  75   1 -0.23557054 0.00471141 
118  76   1 0.08557054 0.00171141 
