  1   1 0.95500000 -0.33208822 
  2   0 0.97139279 -0.32266680 
  3   0 0.96769194 -0.31666911 
  4   1 0.99800000 -0.25177951 
  5   0 1.00198464 -0.24401125 
  6   1 0.99000000 -0.29161173 
  7   0 0.98932789 -0.29937032 
  8   1 1.01500000 -0.15637118 
  9   4 1.04291821 -0.02976317 
 10   1 1.05000000 0.10254866 
 11   0 0.98508855 -0.29660462 
 12   1 0.99000000 -0.30562603 
 13   0 0.96830204 -0.32062128 
 14   0 0.98359102 -0.31814795 
 15   1 0.97000000 -0.32333703 
 16   0 0.98389737 -0.31088948 
 17   0 0.99508854 -0.27933597 
 18   1 0.97300000 -0.31798506 
 19   1 0.96200000 -0.32612081 
 20   0 0.95693432 -0.31082551 
 21   0 0.95772490 -0.28312745 
 22   0 0.96901908 -0.23855785 
 23   0 0.99946933 -0.15273884 
 24   1 0.99200000 -0.15509216 
 25   1 1.05000000 -0.03176771 
 26   1 1.01500000 -0.00069462 
 27   1 0.96800000 -0.25124984 
 28   0 0.96156810 -0.28136667 
 29   0 0.96321633 -0.29870567 
 30   4 0.98533263 -0.19139700 
 31   1 0.96700000 -0.29667273 
 32   1 0.96300000 -0.26074091 
 33   0 0.97093415 -0.33416460 
 34   1 0.98400000 -0.32268657 
 35   0 0.98045246 -0.33065166 
 36   1 0.98000000 -0.33064361 
 37   0 0.99066136 -0.31474074 
 38   4 0.96128577 -0.22501493 
 39   0 0.96996109 -0.37390907 
 40   1 0.97000000 -0.39277745 
 41   0 0.96683247 -0.40052593 
 42   1 0.98500000 -0.37257729 
 43   0 0.97712148 -0.32357770 
 44   0 0.98443603 -0.28024259 
 45   0 0.98638257 -0.24831522 
 46   1 1.00500000 -0.19939104 
 47   0 1.01705182 -0.16058553 
 48   0 1.02063338 -0.17420995 
 49   1 1.02500000 -0.15670238 
 50   0 1.00108276 -0.19228543 
 51   0 0.96687669 -0.23798987 
 52   0 0.95681799 -0.25462865 
 53   0 0.94598290 -0.27164042 
 54   1 0.95500000 -0.25572470 
 55   1 0.95200000 -0.26078329 
 56   1 0.95400000 -0.25752557 
 57   0 0.97058253 -0.23650551 
 58   0 0.95903867 -0.25145856 
 59   1 0.98500000 -0.18415900 
 60   0 0.99315625 -0.11815667 
 61   1 0.99500000 -0.10259941 
 62   1 0.99800000 -0.11336201 
 63   4 0.96873701 -0.12518531 
 64   4 0.98373860 -0.09436363 
 65   1 1.00500000 -0.03980914 
 66   1 1.05000000 -0.04260907 
 67   0 1.01968176 -0.08868075 
 68   4 1.00324942 -0.04192571 
 69   2 1.03500000 0.00000000 
 70   1 0.98400000 -0.12884157 
 71   4 0.98684453 -0.13601517 
 72   1 0.98000000 -0.15518482 
 73   1 0.99100000 -0.13970643 
 74   1 0.95800000 -0.14541100 
 75   0 0.96733189 -0.12339108 
 76   1 0.94300000 -0.14313814 
 77   1 1.00600000 -0.05671207 
 78   0 1.00342372 -0.06201829 
 79   0 1.00922307 -0.05680283 
 80   1 1.04000000 -0.01762660 
 81   4 0.99680664 -0.03237777 
 82   0 0.98854525 -0.04761715 
 83   0 0.98437707 -0.02680918 
 84   0 0.97970386 0.01745871 
 85   1 0.98500000 0.04460403 
 86   0 0.98669075 0.02070264 
 87   1 1.01500000 0.02522675 
 88   0 0.98745330 0.09931538 
 89   1 1.00500000 0.17014071 
 90   1 0.98500000 0.05826557 
 91   1 0.98000000 0.05847964 
 92   1 0.99000000 0.06773275 
 93   0 0.98543317 0.01481953 
 94   0 0.98983048 -0.02299984 
 95   0 0.98033188 -0.03997576 
 96   0 0.99228266 -0.04288995 
 97   0 1.01116617 -0.03637539 
 98   0 1.02350860 -0.04479649 
 99   1 1.01000000 -0.05119455 
100   1 1.01700000 -0.03387958 
101   0 0.99141961 -0.00616305 
102   0 0.98913082 0.04127682 
103   1 1.01000000 -0.09917391 
104   1 0.97100000 -0.14402862 
105   1 0.96500000 -0.16330057 
106   0 0.96114632 -0.16784124 
107   1 0.95200000 -0.21672331 
108   0 0.96621175 -0.18424593 
109   0 0.96702553 -0.19214526 
110   1 0.97300000 -0.20692575 
111   1 0.98000000 -0.17821367 
112   1 0.97500000 -0.26101730 
113   1 0.99300000 -0.27938204 
114   0 0.96009307 -0.26657439 
115   0 0.96002286 -0.26671891 
116   1 1.00500000 -0.04951769 
117   0 0.97382445 -0.33252156 
118   0 0.94943753 -0.14064094 
