 24   1 0.992140 -0.155050 0.00011455 0.00010077 
 40   1 0.969942 -0.392773 0.00011201 0.00010077 
 59   1 0.984961 -0.184307 0.00011374 0.00010077 
 69   2 1.034892 -0.000131 0.00011951 0.00010077 
 75   0 0.967210 -0.123482 0.00011170 0.00010077 
 80   1 1.039966 -0.017784 0.00012009 0.00010077 
100   1 1.017164 -0.033724 0.00011743 0.00010077 
103   1 1.009996 -0.099178 0.00011662 0.00010077 
113   1 0.992936 -0.279242 0.00011466 0.00010077 
114   0 0.960043 -0.266710 0.00011086 0.00010077 
